7:302,616,58,8,29,76,650,518,542,138
18:17,518,654,8,650,302,58,616,84,564
19:
36:17,654,616,58,84,29,8,76,650,518
37:17,302,616,654,8,58,84,76,542,650
41:17,302,654,616,58,76,29,650,542,564
42:17,302,654,58,84,76,518,564,542,650
43:17,302,654,616,76,84,58,226,8,138
44:302,616,84,76,8,518,564,542,354,70
45:76,347,564,17,302,616,650,654,58,508
46:302,616,58,8,76,650,1102,542,354,564
59:654,616,58,76,29,650,1102,542,564,354
60:302,616,58,84,8,29,76,650,518,1102
69:302,654,58,76,29,650,564,354,138,736
70:302,654,616,58,84,8,29,76,650,354
94:17,302,654,616,58,84,76,29,650,564
106:84,8,29,518,70,1102,736,866,15,101
115:58,8,29,518,354,138,301,15,289,866
116:17,76,302,654,616,70,226,564,58,8
142:58,8,84,29,1102,81,301,866,6,61
143:394,483,3231,86747,110799,1021,898,1456,211,5117
148:17,302,654,616,76,58,8,70,84,564
150:17,302,654,8,650,29,84,564,518,542
156:302,616,58,84,8,29,76,650,1102,354
161:616,84,29,76,650,542,564,70,138,301
171:302,84,8,76,650,518,1102,354,138,301
172:654,58,84,8,76,518,542,1102,354,564
174:518,8,654,11194,3233,899,873,245,1208,1023
177:17,654,58,616,29,84,8,650,76,542
196:616,29,76,650,542,354,564,736,15,289
202:302,58,8,518,542,1102,354,138,736,301
211:17,8,302,616,873,508,76,654,84,947
217:17,616,302,654,58,8,518,84,542,29
220:10178,186,22713,40356,4032,46421,39446,7649,429,88939
223:302,654,616,58,84,8,76,29,650,518
224:4797,353,1951,518,17,245,8,654,84,601
225:302,654,616,58,84,8,29,76,518,542
228:17,302,654,616,58,361,76,650,29,84
229:58,84,518,1102,736,15,101,866,508,6
231:302,654,616,58,84,8,76,29,518,1102
232:62228,73208,77677,55056,48718,48256,77322,10261,37449,41443
238:17,302,616,654,8,76,245,58,564,518
241:616,58,84,29,76,650,518,1102,542,354
245:16786,262,81,3137,40012,5767,650,508,780,3939
249:17,302,654,616,58,84,8,29,76,518
250:302,654,616,58,84,8,29,518,564,542
253:17,616,302,654,76,58,8,564,650,542
257:17,84,542,1102,70,354,138,15,301,101
272:654,616,58,8,29,1102,650,76,518,354
273:17,302,654,76,650,354,736,70,138,15
288:17,616,58,84,29,76,650,1102,70,354
290:17,302,654,616,84,58,138,8,76,226
291:17,84,518,302,616,654,58,1102,101,650
292:654,616,58,76,542,564,70,138,301,289
294:17,302,8,29,76,1102,542,354,564,15
328:302,654,84,58,616,8,29,1102,354,76
331:17,302,654,616,58,84,8,542,650,518
345:1754,77581,385,805,16881,11281,3250,92129,28511,62840
361:616,58,8,29,76,650,518,354,138,564
376:17,302,58,616,29,84,8,76,1102,650
384:17,302,654,616,8,84,76,29,650,518
401:616,58,29,650,1102,542,354,70,138,301
402:302,654,84,8,518,542,564,1102,354,70
410:17,302,616,654,76,58,8,84,518,70
448:302,654,616,58,84,8,76,29,650,518
449:17,302,616,654,58,8,84,650,518,70
450:302,654,76,84,29,1102,354,138,301,15
452:17,616,302,13523,58,518,76,8,542,238
476:17,302,245,616,654,70,518,15,1405,508
488:17,302,616,58,76,29,518,1102,542,564
490:17,302,76,29,650,354,70,15,138,301
494:17,654,616,58,8,84,29,518,542,564
500:17,302,616,654,58,76,8,650,84,564
514:17,302,616,654,58,76,8,564,84,650
525:302,654,616,58,84,29,518,650,70,564
535:17,8,29,76,650,518,1102,542,354,564
536:302,654,616,58,84,8,76,29,650,518
538:302,654,616,58,29,76,1102,650,354,564
539:17,654,58,8,84,29,564,518,542,1102
564:84,8,76,650,518,564,1102,736,15,289
582:616,84,29,76,518,1102,354,564,138,70
585:17,302,654,616,58,84,8,29,76,518
590:654,8,29,76,650,518,354,542,70,736
601:105155,94414,118676,31717,121660,121234,90819,90054,48912,27912
618:17,302,654,616,76,58,226,8,650,84
624:17,508,8,76,654,302,518,84,616,7006
627:4671,5512,7334,11539,9594,19731,1077,3137,1109,10071
628:21488,6526,65861,39233,75280,84119,17,23727,78022,1800
632:17,81,8,616,654,302,76,508,226,564
633:302,654,58,84,8,29,76,650,518,1102
634:17,76,226,302,58,654,616,564,780,70
646:17,302,654,76,616,58,84,29,564,354
666:5975,10981,533,8772,3034,6311,911,4671,11590,1337
667:17,302,616,654,58,76,8,84,564,518
669:1803,11470,10493,518,12962,14435,39616,721,760,5614
678:17,302,654,58,8,84,76,29,518,542
680:17,654,616,58,29,8,84,650,518,138
681:17,76,616,302,654,8,58,518,542,245
682:17,76,302,616,654,58,8,70,564,650
683:69187,45128,71448,112536,97127,25771,1339,49996,98188,10369
684:168,17,719,76,245,81,564,654,61,984
715:4671,2543,8392,12861,11855,9435,311,8867,42989,2215
716:17,616,302,654,58,542,8,650,861,15
741:17,616,302,654,58,76,8,518,564,29
750:8,76,564,1102,354,138,301,736,15,6
754:17,302,654,616,58,84,76,29,542,1102
756:616,84,8,76,650,1102,542,354,138,301
757:17,302,654,616,58,84,76,564,8,1102
758:17,302,616,654,76,58,8,84,29,542
763:17,84,29,8,650,518,564,542,354,138
773:17,302,654,616,8,84,58,650,101,76
774:17,302,8,76,84,650,518,564,1102,354
775:58,76,518,1102,542,564,354,70,736,138
782:302,654,616,58,84,8,29,76,518,650
784:17,302,76,84,29,650,518,542,354,1102
793:654,616,8,29,76,518,354,564,542,736
803:17,302,654,84,616,70,58,8,138,1119
813:17,302,654,616,84,29,518,650,542,564
815:302,654,58,84,8,76,29,518,354,542
817:616,58,29,8,76,1102,650,518,542,138
818:76,17,564,508,984,1326,463,5480,70,226
823:17,616,302,654,8,58,76,245,564,518
825:654,616,58,8,29,650,518,70,1102,542
833:302,58,8,84,76,564,70,354,1102,301
835:302,654,616,58,84,518,29,76,650,1102
838:8066,862,12861,8392,2543,8427,4625,11855,7622,9189
844:58,8,76,29,518,542,354,736,70,301
850:866,17,302,654,354,76,29,84,58,616
856:70,138,301,866,6,226,899,361,327,162
857:302,84,8,76,650,518,1102,542,354,138
874:302,58,76,84,29,518,70,1102,736,301
891:17,361,302,654,29,354,84,58,76,616
899:17,302,616,654,58,8,76,84,518,650
900:17,302,654,616,58,29,8,101,542,15
911:302,654,58,616,84,8,29,76,1102,354
918:17,302,654,616,58,84,8,650,518,29
925:17,302,654,616,58,84,564,8,76,518
926:302,58,84,8,76,650,518,542,354,1102
937:302,654,616,58,29,518,76,650,542,354
949:
964:17,302,654,616,58,84,8,518,76,354
970:14636,2656,8,4300,9093,656,518,84,2031,4613
977:17,29,650,518,354,736,15,301,285,508
981:17,245,302,1744,8,616,1002,654,15,710
982:17,302,84,1119,654,2162,8,70,354,616
984:17,654,616,58,84,8,29,76,650,542
992:17,302,616,654,76,58,508,564,8,70
993:654,616,58,84,29,76,518,1102,354,138
998:17,302,654,616,58,84,76,29,564,650
1000:17,58,8,84,29,518,70,542,1102,354
1007:17,654,29,8,84,518,564,542,1102,354
1027:168,76,1400,2318,661,1326,564,760,5738,2153
1028:17,302,616,58,29,518,650,76,542,354
1044:17,302,654,84,616,58,8,518,29,650
1045:17,58,84,8,76,650,518,542,1102,354
1049:17,76,564,616,542,654,302,58,508,81
1068:17,76,1002,441,302,654,245,710,58,8
1069:654,84,8,76,29,518,70,564,542,1102
1070:17,616,58,84,518,650,76,542,1102,354
1082:84,650,518,1102,542,70,138,301,866,101
1083:17,138,8,1800,87395,16272,10970,1109,12442,4757
1088:17,302,616,654,8,58,84,564,650,29
1094:616,58,29,70,736,301,508,6,285,899
1116:302,654,58,616,84,8,76,29,650,1102
1121:17,654,1578,101,289,1140,84,568,1102,1086
1125:302,654,616,58,84,76,29,650,542,1102
1127:17,302,616,654,58,8,84,518,542,76
1132:17,302,58,654,8,76,650,542,84,518
1133:76,8,650,518,1102,354,736,301,15,101
1140:302,616,58,84,8,29,76,518,542,1102
1141:17,1382,302,327,70,8,508,787,654,84
1148:17,76,508,302,616,1023,654,8,70,58
1153:17,654,616,58,29,76,518,650,1102,564
1163:
1166:17,616,302,654,8,58,518,76,84,542
1172:17,302,616,654,58,76,8,84,518,29
1192:17,302,616,58,8,29,76,518,650,1102
1204:17,302,654,616,58,15,61,542,29,8
1208:17,302,654,58,616,650,29,542,8,84
1209:17,76,616,302,654,8,58,564,518,70
1234:17,302,76,654,616,58,650,8,182,29
1236:17,616,302,58,654,8,76,542,518,84
1245:302,654,616,84,58,8,29,76,354,518
1263:17,302,58,84,8,76,650,518,542,1102
1267:302,654,58,616,84,8,29,76,518,1102
1269:4755,3107,1352,81,2880,508,17,76,189,378
1288:17,1017,2609,518,2200,654,3101,15,363,10560
1295:616,76,518,542,564,70,736,301,15,101
1296:17,654,58,29,84,8,76,650,542,518
1302:17,302,654,616,76,8,29,84,650,542
1305:17,302,58,84,29,8,76,650,518,542
1342:17,84,518,302,616,654,58,1102,101,650
1382:17,302,654,616,84,8,58,518,76,564
1389:75115,61636,71576,4245,1305,71313,40853,1871,109043,46458
1391:17,302,650,32,58,402,616,6,238,29
1397:81,226,140,986,1749,500,262,780,70,17
1402:302,616,58,84,8,76,650,518,354,1102
1405:106442,4697,92558,96890,24722
1407:17,302,616,542,58,518,486,654,787,15
1408:17,302,616,84,654,518,58,564,650,1102
1409:616,8,564,354,542,70,138,101,15,6
1412:17,302,654,58,616,84,70,354,29,76
1413:542,736,15,101,289,508,6,285,81,899
1418:654,76,650,542,564,138,736,15,289,285
1419:4755,17,508,1410,245,4825,378,564,8,616
1420:302,654,616,58,8,29,76,518,650,354
1427:17,8,84,29,518,564,354,1102,736,15
1430:17,302,58,654,8,76,650,542,84,518
1431:654,58,616,84,8,76,650,518,1102,542
1435:302,616,58,84,76,29,1102,564,354,138
1437:17,616,302,654,76,58,650,542,8,564
1441:6559,3307,2548,840,2715,67843,6745,245,931,2980
1447:17,302,616,654,58,8,76,84,70,518
1448:17,245,2548,8,542,76,81,650,616,654
1457:17,302,616,654,58,70,542,518,15,8
1458:17,302,616,58,84,76,650,70,1102,736
1469:302,616,58,84,76,518,1102,542,354,564
1477:17,302,616,654,84,518,58,76,736,542
1486:168,719,76,984,8860,1326,1400,5480,564,5738
1490:17,302,654,866,616,58,76,8,84,29
1491:302,654,616,58,84,8,76,650,1102,518
1500:302,58,84,76,29,650,518,70,564,1102
1503:654,616,58,8,76,650,542,354,564,301
1517:95331,27097,111233,80218,36730,5624,10145,10541,5145,30434
1518:17,302,616,654,8,58,518,84,76,542
1535:302,654,58,84,29,650,542,1102,70,354
1551:616,8,650,518,70,542,354,736,15,866
1552:29723,19245,1402,29,15294,10906,70,17,1099,8892
1553:17,616,654,302,58,542,8,518,84,564
1559:302,654,616,84,29,8,76,650,518,1102
1560:17,302,58,84,76,29,518,650,564,1102
1561:17,616,58,76,84,29,518,542,70,1102
1562:654,616,8,29,650,518,70,1102,564,542
1569:986,81,508,226,70,698,302,17,378,2967
1570:17,654,302,616,84,518,8,58,542,564
1588:245,17,224,32,542,901,15,1119,262,1187
1589:654,616,58,84,8,76,650,518,1102,354
1591:35798,62108,69776
1601:17,302,616,654,58,8,76,542,650,518
1602:17,302,654,616,58,8,84,76,518,29
1629:17,616,302,654,58,8,76,518,84,650
1634:2265,9662,8337,76,6901,327,40,2901,2328,2717
1642:302,654,58,8,76,650,518,1102,542,354
1653:17,302,616,654,58,8,84,76,29,542
1654:302,84,8,29,650,518,70,564,542,1102
1655:654,8,29,76,650,542,354,138,736,70
1668:616,84,29,8,76,650,518,1102,354,564
1681:17,616,58,84,29,8,650,518,542,564
1703:302,654,616,58,84,29,76,518,650,1102
1721:245,61,17,15,302,654,58,616,4268,542
1727:17,302,654,616,58,650,29,8,76,182
1728:302,58,616,84,8,76,650,1102,354,518
1745:17,616,302,654,58,8,518,542,84,76
1746:17,302,654,616,58,8,542,29,518,84
1751:302,654,616,58,84,8,29,76,518,650
1756:302,654,616,8,58,1102,29,76,650,354
1758:17,302,616,654,58,76,8,650,542,84
1761:81,226,17,542,245,8,508,564,1382,616
1767:616,58,84,8,76,518,1102,354,542,70
1779:93631,103533,65741,56748,93097,86913,37843,1674,17395,67185
1780:9354,13960,88524,3041,64,10503,32648,1772,48208,68717
1783:17,302,58,29,84,8,76,650,542,518
1787:616,29,76,518,354,564,70,138,736,301
1788:17,302,616,654,58,8,650,84,29,518
1794:17,616,302,654,58,8,84,29,518,76
1796:654,8,84,29,650,542,70,1102,138,301
1803:17,302,654,616,58,84,76,8,29,518
1820:17,302,616,654,58,8,76,518,508,84
1821:17,616,8,302,518,654,58,15,84,542
1822:17,302,654,616,58,8,84,29,518,736
1823:17,84,76,650,542,70,564,354,138,15
1840:616,650,564,542,70,354,736,301,866,508
1841:17,70,76,616,302,564,654,81,58,8
1842:17,302,58,616,29,84,8,518,1102,542
1850:17,8,302,654,616,58,84,29,1102,542
1853:17,302,654,616,76,58,866,8,84,542
1854:17,302,654,8,84,76,650,542,70,564
1862:302,616,650,1102,564,542,70,301,736,138
1880:17,302,654,84,616,226,354,76,138,58
1883:302,654,58,8,76,29,650,518,1102,542
1890:302,654,616,58,84,8,29,76,518,1102
1891:302,17,654,58,616,29,84,8,518,15
1893:302,654,616,58,84,76,29,1102,354,70
1894:654,616,58,84,8,29,518,70,564,542
1911:10104,29727,81362,85899,85689,86227,85878,86994,89001,88962
1912:17,302,654,616,58,8,76,84,650,29
1913:17,302,616,654,58,8,518,84,542,29
1930:2548,17,197,8069,5111,302,76,4755,8,70
1932:17,76,654,616,81,58,302,70,8,226
1950:542,301,15,508,224,361,861,61,81,32
1951:2121,1360,17,542,564,616,1287,654,301,70
1952:17,616,84,8,76,518,542,1102,70,564
2005:302,76,29,650,518,564,1102,542,354,70
2017:107733,23213,123006,58208,101380,11246,47586,13894,44039
2025:236,17,10075,776,6766,8861,6673,238,616,1558
2030:17,302,616,654,58,8,76,518,542,650
2034:1352,4755,76,616,3213,2904,787,947,189,481
2038:302,17,654,58,29,616,542,15,84,301
2046:6503,9289,10492,8,17,26460,84,17567,7021,3672
2058:12597,12495,17944,52829,25649,65161,55235,8794,1410,2193
2068:17,302,654,616,58,8,84,76,29,542
2070:302,654,84,616,58,29,1102,76,650,354
2071:302,616,58,76,650,518,70,354,736,301
2072:302,654,616,58,518,1102,29,76,650,354
2074:17,76,616,8,302,654,81,564,508,58
2075:302,654,84,8,76,650,70,542,1102,564
2076:
2077:17,654,616,58,29,76,650,518,1102,564
2080:17,654,58,84,29,518,650,76,542,1102
2085:17,302,654,616,58,76,8,84,518,650
2097:302,654,616,58,84,29,564,70,1102,354
2112:17,302,654,866,76,84,616,58,29,8
2115:17,302,616,654,8,58,84,76,542,29
2116:17,302,654,616,58,8,84,29,650,76
2123:17,654,616,58,8,29,76,1102,650,518
2135:17,302,616,654,58,8,76,564,650,84
2141:81,698,564,2204,986,138,899,508,2030,1535
2147:236,17,3448,4203,12253,10075,302,776,654,4724
2154:17,302,616,654,58,8,650,84,518,542
2160:17,302,84,8,29,76,650,518,564,1102
2162:76,719,564,17,463,698,5480,1400,5738,226
2170:17,302,58,76,29,8,84,650,542,518
2177:17,224,459,302,29,162,4009,1023,81,262
2184:616,58,84,8,650,76,518,1102,542,354
2185:17,302,616,654,58,8,76,542,564,518
2187:2033
2211:17,302,654,616,58,76,8,84,29,650
2223:17,76,81,70,616,58,8,226,654,564
2243:17,302,654,616,58,8,76,84,518,70
2244:17,302,616,654,58,8,84,29,564,518
2247:302,654,616,58,84,29,650,518,1102,564
2250:49715,4103,7838,23527,1951,3205,1064,38737,47112,6191
2253:17,76,616,302,654,58,70,564,226,8
2260:23423
2261:302,654,616,58,76,29,650,1102,542,354
2262:
2290:29,650,518,542,1102,70,138,301,15,6
2291:17,616,29,84,8,76,518,542,1102,564
2293:17,302,84,616,654,58,101,1102,542,76
2301:17,7611,4032,429,30679,65,5567,302,4210,1102
2302:16229,39395,245,33882,15642,774,1524,353,2955,2233
2304:76,17,564,302,719,616,654,58,8,226
2318:654,84,76,29,564,1102,736,15,101,289
2325:302,654,84,58,616,8,29,1102,76,354
2335:17,302,654,616,8,84,29,518,542,1102
2343:17,302,55516,1410,616,1549,925,244,245,1145
2346:17,70,616,76,302,654,58,81,138,84
2347:2186,114853,113089,112716,115352,115935,120971,120912,111504,110681
2348:17,302,654,616,58,8,84,76,650,542
2362:
2363:17,302,616,29,84,8,650,76,542,518
2364:302,616,84,29,8,76,650,518,1102,354
2369:17,70,302,616,654,76,8,58,84,564
2373:17,302,84,616,654,58,76,1102,650,29
2381:17,302,654,616,58,29,8,84,542,518
2382:17,302,616,654,564,58,650,8,84,518
2384:17,302,84,654,1119,616,8,354,70,76
2385:17,302,58,616,29,84,8,650,76,1102
2392:
2393:17,302,654,616,84,58,8,76,518,29
2394:302,654,616,58,84,76,29,650,1102,542
2395:17,616,84,8,76,650,518,1102,138,564
2399:17,302,654,616,58,76,84,8,650,29
2405:17,302,654,58,8,76,84,650,29,518
2407:866,17,302,654,76,354,29,84,616,58
2408:302,654,84,58,616,8,29,1102,354,76
2419:58,8,654,17,302,616,568,2193,861,76
2429:354,17,70,1382,94,9482,245,302,657,9890
2447:84,29,8,76,518,1102,354,542,70,736
2452:2282,12832,77590,22856,10127,27927,2848,30791,25216,48061
2453:71417,29657,23740,4249,25812,3911,13189,302,78361,16210
2454:17,76,302,616,654,564,508,8,70,518
2456:17,616,58,29,84,76,8,650,1102,542
2461:29,518,542,70,138,736,301,101,289,6
2464:654,616,58,8,76,650,518,354,542,301
2465:616,58,84,8,76,650,518,1102,354,542
2469:302,616,58,84,8,29,76,650,518,354
2489:168,719,984,1326,8860,5738,1400,1528,801,5480
2491:2319
2499:1097,302,13523,17,58,616,654,861,508,518
2500:654,616,58,84,29,8,76,650,518,1102
2501:947,931,17,1382,131,1405,327,8,119,873
2505:17,654,616,58,84,29,518,650,76,1102
2510:1460,76,1326,17,508,297,65,70,81,168
2515:17,302,654,616,58,564,650,8,84,29
2518:17,76,698,302,616,361,564,8,654,40
2520:17,302,654,616,58,84,76,29,650,542
2521:302,654,616,58,84,8,29,76,518,650
2524:302,17,654,58,616,84,650,8,1102,354
2536:17,302,76,8,84,518,542,564,1102,70
2541:302,654,58,84,8,29,76,650,518,1102
2547:17,302,654,616,58,650,76,29,8,84
2553:9134,18939,35177,25366,19603,3509,5125,8960,44578,26521
2558:17,616,58,76,84,8,29,650,70,518
2560:616,58,84,29,76,1102,354,70,564,301
2563:302,654,58,84,76,29,650,1102,564,138
2573:616,58,84,8,29,76,518,1102,354,138
2591:17,302,616,654,58,76,8,84,29,542
2596:17,302,616,654,84,58,518,1102,29,650
2597:17,780,76,302,58,262,226,616,654,70
2601:17,302,58,616,29,84,1102,354,8,76
2604:17,302,654,76,616,58,8,518,564,70
2611:302,654,84,616,58,8,29,76,354,518
2612:17,302,654,58,76,84,29,518,542,70
2615:84,8,29,76,650,518,542,1102,354,138
2625:17,302,654,226,616,76,138,84,58,354
2626:302,616,84,76,518,354,138,564,70,301
2634:17,654,302,58,616,8,101,518,542,84
2636:654,616,58,84,29,8,76,650,1102,518
2639:17,302,616,654,508,8,518,70,84,1023
2650:4194,14600,23102,10451,74367,5122,17,25716,29311,1344
2661:17,616,302,518,84,8,654,58,101,1102
2663:17,84,302,654,8,616,518,58,899,70
2666:17,616,302,654,58,542,29,650,8,76
2676:17,302,654,58,616,84,650,8,354,76
2689:17,302,654,616,58,8,76,29,84,518
2693:790,650,10408,8,17,21813,891,36085,27340,873
2708:17,302,654,616,58,8,84,29,650,564
2709:17,616,302,654,58,8,76,542,564,84
2713:17,8,616,302,654,84,58,542,15,564
2715:17,76,81,564,616,302,654,8,508,542
2716:16542,500,986,81,8,226,616,542,710,236
2727:616,58,84,29,8,76,650,1102,518,354
2730:17,654,616,58,84,8,29,76,650,518
2731:616,84,29,8,76,650,518,1102,354,542
2734:564,76,736,1069,17,518,616,4017,947,698
2735:17,84,518,302,616,654,58,1102,564,76
2737:17,302,654,616,58,8,84,650,518,29
2745:17,302,654,616,58,76,84,29,354,8
2746:17,76,508,40,698,358,6545,4158,23595,8419
2748:5287,76,564,327,19670,3618,3521,1262,508,103
2756:302,654,616,58,84,8,29,650,76,1102
2760:84,29,8,76,650,518,1102,542,138,564
2776:
2799:17,76,710,508,1002,8,4513,245,1744,302
2802:302,654,84,58,616,8,29,1102,354,76
2803:2595,2074,88529,97817,11718,33572,670,14237,19829,94755
2804:17,654,302,616,58,84,650,224,354,8
2805:616,124,1410,7048,1039,1099,908,15,3014,81
2812:302,654,8,29,76,650,354,542,70,564
2815:168,719,984,661,9874,463,8733,1400,5480,1682
2827:17,302,654,616,58,8,84,76,518,650
2831:654,58,84,8,29,76,518,354,542,138
2846:302,654,616,84,29,518,76,650,1102,354
2848:17,654,616,29,8,84,76,650,518,1102
2853:18850,34823,86461,262,1081,1867,698,84210,5184,3081
2854:302,654,84,616,58,8,29,76,650,518
2857:17,302,654,58,616,29,76,650,84,8
2858:17,84,29,76,650,1102,542,354,564,15
2861:17,245,15,616,94,1410,302,8,518,61
2871:189,4755,378,17,1527,245,3107,508,76,2880
2907:302,654,58,616,84,8,76,650,1102,354
2912:17,70,508,226,302,1382,76,1023,616,8
2914:17,302,654,58,8,76,1102,29,518,650
2924:1002,245,17,76,226,508,2028,168,710,1744
2925:17,61,76,245,564,616,654,81,302,15
2947:2741,46125,66050,66993,18970,24301,108276,116261,101699,113092
2951:654,224,6,302,29768,17,30839,483,616,62
2959:17,616,302,654,8,58,542,518,76,650
2960:17,302,654,616,58,8,84,76,518,29
2963:17,616,302,654,58,84,8,564,76,542
2965:135,984,29174,29475,3789,698,18240,5557,6097,564
2967:302,654,616,58,84,8,76,29,650,518
2970:17,616,302,654,58,8,650,542,84,76
2977:17,302,654,616,58,8,542,84,518,29
2981:84,8,29,76,650,518,1102,542,564,301
2989:17,302,654,616,58,84,8,76,650,29
2990:22420,13581,29000,76,17,311,5975,379,4671,698
3002:
3004:168,76,984,463,1400,8860,2318,5480,1326,760
3011:52389,82143,61169,52257,115356,20589,11851,2807,17349,44919
3013:17,302,654,70,76,616,508,8,58,84
3037:
3038:17,8,302,616,32,84,564,650,518,76
3044:302,654,616,58,84,8,29,76,650,518
3070:17,302,654,616,564,58,650,8,84,736
3081:17,654,302,58,616,84,76,354,8,518
3100:302,616,84,29,76,8,650,518,542,1102
3102:168,984,1400,574,5480,463,719,8733,5557,2153
3105:17,302,654,58,8,84,29,518,650,76
3107:17,302,76,616,654,58,70,8,84,518
3110:17,616,302,654,58,8,518,542,76,84
3111:302,654,616,58,84,8,29,76,650,518
3113:17,302,616,654,58,8,542,76,650,225
3121:8,70,564,542,15,101,6,899,361,322
3125:17,302,654,616,58,84,8,29,76,650
3126:
3129:302,616,84,8,76,29,518,542,564,1102
3139:17,361,302,654,354,29,84,58,76,616
3144:17,302,84,518,616,654,58,76,1102,564
3152:17,616,302,654,58,8,542,518,76,650
3166:
3167:17,302,76,616,654,58,564,84,8,70
3169:302,654,616,58,84,8,76,29,518,650
3170:17,616,302,8,654,58,76,564,518,650
3172:17,616,302,654,58,542,8,861,238,1196
3176:616,58,84,8,76,650,518,70,1102,542
3183:17,654,58,29,616,84,76,8,650,1102
3184:17,131,245,76,354,302,61,94,1002,654
3193:58,8,76,518,354,138,70,289,6,285
3195:17,302,84,8,654,616,518,58,542,76
3220:616,84,8,76,650,518,1102,542,138,70
3229:17,302,616,654,58,8,84,29,650,76
3234:302,654,616,58,1102,518,29,76,650,354
3237:41101,54099,110318,87614,77678,9915,58923,28760,22678,102041
3238:17,302,616,654,58,8,76,542,518,84
3239:17,58,616,29,84,8,650,76,1102,354
3246:533,603,8772,4671,76,5319,7622,311,911,2543
3258:17,654,58,8,84,29,76,650,542,564
3263:17,302,654,616,58,8,76,84,542,518
3264:
3277:76,168,17,719,302,564,226,698,361,2139
3279:17,302,654,616,58,84,564,8,650,29
3295:17,76,81,70,8,616,58,226,2139,654
3305:17,76,2139,262,70,805,500,564,302,616
3306:6901,1651,76,4146,10692,8129,9557,2354,40,17
3308:17,302,616,654,58,542,8,518,76,84
3309:302,616,84,29,76,650,518,542,354,564
3319:
3320:2548,17,3196,76,302,197,508,899,10541,70
3328:616,58,84,29,8,76,650,518,1102,354
3329:17,429,654,616,8,302,542,76,58,508
3335:654,58,616,84,8,76,650,518,1102,542
3346:17,616,302,654,58,245,8,542,518,15
3352:17,302,654,616,58,8,84,76,542,518
3353:17,302,654,616,58,564,650,8,84,29
3360:302,654,616,84,58,8,29,76,650,518
3374:17,616,654,58,302,15,8,542,518,29
3376:17,302,654,616,58,76,226,8,84,650
3383:17,70,138,654,302,354,84,58,29,616
3386:17,302,616,58,654,76,8,650,84,564
3411:17,302,654,616,58,29,84,76,8,650
3412:21113,107299,2051,71593,76480,88275,129,56533,1007,79323
3413:17,302,654,616,58,8,84,76,518,354
3416:4755,1352,2880,10041,189,4568,3107,1527,3172,12990
3419:17,654,616,29,84,8,650,76,518,1102
3421:17,84,8,76,650,518,542,564,354,70
3423:17,616,8,302,654,58,76,564,518,650
3426:17,616,654,302,58,8,542,518,29,15
3428:17,302,654,58,8,84,650,542,1102,736
3429:302,654,84,8,76,650,518,1102,354,542
3431:3225,88768,47290,80576,1730,683,2139,76,34500
3432:17,302,654,616,564,58,650,8,84,736
3450:17,76,616,302,58,654,564,8,650,518
3453:168,719,463,1400,5480,661,1326,1528,76,5738
3475:17,2030,616,302,654,58,8,518,245,61
3478:84,8,650,518,70,1102,736,301,15,101
3479:17,654,302,616,58,8,84,650,29,518
3480:17,302,654,616,29,8,76,650,84,542
3490:17,84,542,1102,70,354,138,736,301,289
3500:654,616,58,84,8,29,650,518,542,1102
3514:302,616,84,8,29,650,518,1102,354,542
3529:
3546:17,58,302,654,8,861,84,76,650,518
3547:302,654,616,84,8,29,76,518,1102,354
3551:219,5738,1528,226,76,168,1124,719,297,801
3557:168,719,76,984,17,1326,564,226,1400,5738
3572:31775,29630,60680,138,87374,110194,17,901,1069,54245
3579:17,58,616,29,8,650,76,518,354,542
3580:17,76,302,616,654,58,780,564,70,650
3593:17,654,616,58,84,29,76,518,1102,542
3599:17,616,81,302,76,654,58,564,542,650
3609:17,302,654,616,58,84,8,76,29,650
3610:17,302,654,616,8,76,58,1102,518,29
3613:17,70,508,226,76,2139,698,81,986,542
3628:17,542,302,616,650,8,103,787,76,238
3656:17,654,616,58,29,84,8,76,650,542
3657:17,58,616,84,8,76,650,1102,518,354
3663:58,76,650,542,1102,564,354,70,736,301
3674:302,58,84,8,29,76,650,518,542,354
3684:109728,33031,88545,104197,80992,3460,2128,568,899,10511
3685:17,70,302,76,616,654,58,81,8,84
3686:15499,15417,8660,106624,26312,64885,1208,4049,14423,5744
3692:17,654,302,616,29,84,8,650,76,289
3694:17,302,616,654,58,8,650,76,84,564
3701:302,654,616,58,8,29,76,518,650,354
3702:17,616,302,564,8,76,654,84,554,32
3717:17,654,58,84,76,29,542,564,1102,70
3721:654,616,58,84,76,650,518,1102,542,354
3728:17,76,654,302,616,58,564,84,8,29
3735:8,76,29,70,138,301,15,101,289,6
3736:302,654,616,58,84,8,29,650,518,564
3737:302,654,616,58,84,8,29,650,1102,518
3751:17,654,616,58,8,84,29,76,650,1102
3752:17,302,58,616,29,84,76,8,354,650
3800:302,654,58,29,1102,542,354,736,138,301
3811:533,76,17,8772,603,2139,4671,10981,311,1337
3820:17,616,58,8,650,76,518,542,354,564
3840:654,616,58,8,76,1102,650,518,354,138
3846:17,302,654,58,8,84,650,564,518,70
3849:616,58,8,76,650,518,138,542,70,866
3850:654,616,58,29,76,518,354,542,138,736
3857:302,654,616,58,8,29,1102,518,354,76
3859:17,302,616,58,84,29,8,76,650,518
3862:17,302,654,616,58,8,84,76,518,542
3888:17,302,654,616,58,84,76,8,29,650
3911:17,616,302,58,654,650,542,518,409,8
3921:17,70,302,81,654,616,76,58,8,84
3929:302,654,616,58,84,8,29,650,70,518
3930:17,654,616,58,84,29,8,76,650,518
3934:6823,102873,29058,115001,17084,31149,33373,15457,226,5554
3947:302,654,616,58,84,29,518,650,1102,354
3950:302,654,84,8,518,564,1102,354,542,70
3962:17,302,616,654,58,8,76,84,29,518
3974:353,4797,17,8694,1951,518,245,616,8,84
3975:17,302,654,58,8,84,650,29,76,542
3988:17,616,302,654,81,8,58,76,518,564
4001:
4006:17,302,616,654,58,8,542,15,84,518
4007:81,226,17,76,616,70,986,542,654,508
4008:17,302,654,84,616,226,58,138,76,8
4009:17,616,302,654,76,58,8,542,564,518
4028:81,17,616,654,302,564,542,58,76,226
4031:17,616,8,302,58,654,76,564,518,650
4035:17,3207,518,8,2714,774,1827,2403,2696,616
4053:17,302,616,654,58,8,76,84,70,518
4064:302,654,84,8,76,650,518,1102,542,564
4067:17,654,58,8,84,76,650,542,518,1102
4068:17,616,302,65,508,327,650,2200,542,564
4069:650,518,1102,542,70,354,138,736,15,289
4075:95901
4076:25271,87178,76,30861,225,698,347,31273,10267,2259
4084:17,654,29,8,84,650,76,518,1102,564
4091:17,302,654,616,58,8,29,1102,518,76
4098:9041,6456,20861,37149,14657,276,9862,32895,11166,2252
4103:302,654,616,58,84,8,29,76,1102,650
4104:302,654,616,58,84,76,8,29,650,518
4124:168,984,719,1400,463,5557,8860,8733,5480,2103
4132:17,302,616,654,58,8,84,76,650,542
4134:12084,103843,84266,44239,34013,111949,325,67198,51031,39380
4138:17,302,654,616,58,76,8,84,70,650
4140:168,1326,76,719,2337,226,1528,2153,984,2548
4149:
4158:17,302,616,654,564,58,650,8,84,70
4164:17,302,654,616,58,84,8,76,70,518
4167:17,302,8,616,654,518,84,508,58,70
4171:9289,8321,11050,17,1511,13407,736,226,5112,9019
4177:17,616,302,654,58,8,76,518,542,84
4179:17,302,58,616,84,8,650,354,76,1102
4184:616,84,8,76,650,518,1102,542,354,70
4190:17,654,736,76,8,564,650,302,1023,1790
4209:42075,1164,88331,29969,100327,54784,361,61418,45182,866
4210:17,58,654,302,616,101,8,518,542,84
4211:100732,108608,91309,88132,28789,43926,4600
4213:302,654,84,76,542,1102,70,564,354,138
4223:
4237:302,654,616,58,518,29,76,650,354,542
4242:17,302,654,616,58,84,518,76,29,650
4248:86884,25152,86333,22269,2075,13082,112958,61489,88504,25889
4249:17,302,654,616,564,58,650,8,84,70
4265:17,302,654,58,29,616,239,84,1102,285
4269:17,616,58,84,29,8,650,564,518,354
4273:302,654,616,58,84,76,8,29,650,518
4275:17,654,616,58,29,84,8,76,518,1102
4277:17,654,58,8,29,76,518,542,354,564
4281:17,302,58,29,84,8,76,650,542,518
4301:17,302,654,616,84,76,8,29,650,518
4303:17,302,616,654,58,84,518,650,29,1102
4304:302,84,8,650,518,564,542,70,1102,301
4344:17,302,654,58,8,84,29,76,650,542
4353:17,654,302,616,787,8,84,518,58,76
4357:17,302,616,654,58,564,650,8,84,542
4365:17,76,302,564,654,616,168,58,8,542
4371:17,616,302,654,58,8,84,542,518,76
4372:302,654,616,58,84,8,76,29,650,518
4399:17,616,58,84,76,650,518,542,1102,564
4400:17,302,654,616,58,8,84,650,29,564
4407:616,58,84,29,8,76,650,518,1102,542
4424:76002,12222,83937,14602,44885,46978,826,88527,861,20912
4426:4455,12906,50294,85105,8764,42487,29047,35303,35703,95591
4436:17,76,616,302,654,8,58,518,84,736
4453:4273,5450,7160,95577,8,2153,88754,71636,931,26749
4457:17,8,302,616,654,84,58,542,76,15
4458:17,616,364,542,58,245,518,564,61,8
4466:17,84,8,76,650,518,1102,542,138,736
4469:17,654,29,8,84,650,76,518,542,1102
4482:17,302,58,8,84,29,564,518,354,1102
4507:302,654,84,616,58,518,29,76,1102,650
4514:17,654,616,58,29,76,84,8,650,866
4517:302,616,58,29,650,518,1102,354,564,542
4519:18722,17,359,49928,302,1239,55480,11153,3841,84014
4522:4671,7622,8772,311,3522,2543,5975,533,76,12861
4530:17,302,654,58,8,84,650,564,29,518
4537:17,302,616,654,8,58,542,84,650,518
4543:17,302,654,616,58,866,76,8,564,518
4562:17,302,616,654,58,564,8,650,84,518
4578:17,29,84,8,76,650,542,1102,518,354
4588:17,302,58,616,29,84,76,8,650,518
4618:17,302,616,654,8,245,58,518,84,508
4633:4755,947,508,4542,69282,3107,1091,378,35545,62686
4637:3926,35703,86608,85219,82118,88651,111807,34979,66308,51477
4640:58,84,29,8,76,650,518,1102,354,564
4641:17,508,76,302,616,8,518,70,564,654
4642:302,654,616,8,76,29,650,518,1102,70
4651:17,302,654,58,616,29,650,542,8,15
4665:654,616,58,84,8,29,650,518,70,1102
4666:4479
4682:698,76,1119,10048,22920,41249,1460,238,7146,1546
4687:302,58,616,84,29,8,76,650,1102,354
4692:302,654,84,58,616,8,29,354,1102,76
4696:
4702:13617,902,698,616,5197,518,17,83444,81,2030
4730:302,654,616,58,84,8,29,76,650,518
4736:302,654,616,58,84,8,29,76,650,354
4745:17,302,84,518,564,542,736,301,15,101
4749:17,302,616,654,58,564,8,650,84,518
4751:8167,25910,12332,367,3126,3477,14841,57974,70,2423
4760:17,76,361,302,866,654,2139,70,564,58
4762:17,302,654,616,58,76,8,84,542,650
4767:17,302,654,616,564,58,650,8,84,736
4774:616,58,76,650,518,354,542,138,70,301
4779:17,302,654,616,58,8,518,84,29,15
4788:302,654,616,58,29,518,650,1102,564,736
4789:
4794:302,654,616,58,84,8,29,1102,354,76
4796:10503,17,81,8454,605,5767,27291,840,76,14508
4797:518,564,1102,736,508,866,81,899,224,61
4802:302,654,616,58,84,8,29,76,354,650
4816:17,302,58,654,616,736,8,84,224,76
4831:654,616,58,84,29,8,650,76,1102,354
4834:17,302,654,616,58,84,8,76,518,650
4852:17,302,616,654,564,58,650,8,70,84
4863:17,302,654,616,8,58,84,76,518,354
4870:17,302,654,616,58,361,29,84,76,650
4875:654,616,58,84,29,8,76,518,1102,354
4889:302,654,616,58,8,650,518,1102,564,70
4894:17,866,76,302,654,616,58,84,8,70
4898:12536
4910:302,654,58,84,616,8,29,76,1102,354
4919:17,302,654,616,58,84,8,29,76,518
4926:302,654,616,58,84,8,29,76,650,518
4934:1352,17,508,76,8,10041,2548,245,710,1527
4935:15,245,302,518,654,616,508,2302,58,61
4944:17,508,302,873,650,564,76,901,301,931
4946:17,70,616,302,654,76,8,58,84,518
4949:17,8,508,322,654,224,61,650,9354,354
4951:17,1205,508,76,302,1410,70,654,564,616
4956:17,654,616,58,29,76,84,8,650,542
4961:17,616,76,81,654,58,302,245,8,564
4984:4826,29,11108,1318,25826,236,2665,205,2618,244
4986:17,654,616,29,84,8,76,650,518,542
4991:
4992:17,654,302,616,58,542,8,29,15,650
4998:17,302,58,29,84,8,76,650,518,542
5001:17,302,616,58,84,76,29,518,650,542
5002:6503,8660,15921,24608,17,302,8,409,19871,9216
5006:17,302,654,58,616,76,29,542,84,650
5007:17,616,302,654,15,8,58,518,76,508
5011:3548,698,115725,117347,56635,6227,36231,2370,13515,32364
5015:17,616,15,302,654,518,8,58,4268,542
5018:654,616,58,84,29,76,650,518,1102,354
5031:302,654,58,84,29,76,518,650,1102,354
5039:10536,3506,16036,1002,1340,441,31492,4696,14955,3618
5040:17,302,616,654,58,84,518,76,650,29
5047:17,616,542,302,654,58,32,15,518,61
5048:17,616,76,58,650,302,500,8,654,564
5079:616,58,84,8,76,518,1102,542,354,138
5086:17,302,654,76,616,58,70,866,8,84
5088:17,616,302,58,654,650,554,8,542,289
5089:17,302,654,58,29,616,76,650,84,542
5090:17,508,76,70,302,354,84,1405,787,65
5097:17,508,616,302,542,76,8,654,70,564
5107:17,302,654,616,58,84,8,76,518,29
5108:17,76,81,70,616,58,8,226,654,508
5119:302,654,616,84,58,76,518,29,650,1102
5120:17,616,866,302,361,654,76,58,542,546
5129:168,76,719,17,70,226,81,508,564,984
5147:654,58,84,29,8,76,650,1102,518,354
5148:
5176:17,302,654,616,29,8,84,518,101,76
5180:17,302,70,616,650,76,873,1405,654,361
5188:17,508,8,76,616,302,564,654,518,84
5202:
5207:17,302,518,8,616,654,84,58,61,29
5208:17,84,76,650,518,1102,542,354,138,564
5214:17,302,654,616,8,84,518,76,58,736
5217:17,302,616,654,58,650,8,542,76,564
5247:17,616,654,58,302,542,8,518,15,84
5271:17,70,616,302,76,654,58,81,138,8
5276:47134,36752,32280,20744,19929,58142,37455,73638,20963,696
5279:17,302,58,8,29,650,518,564,542,736
5288:302,654,84,616,58,8,29,76,354,1102
5294:17,302,654,616,58,8,84,518,76,542
5299:654,616,58,84,8,650,518,1102,564,354
5300:17,302,654,616,58,84,8,76,29,518
5306:17,616,302,654,58,15,518,564,8,101
5307:
5309:17,302,654,84,616,58,76,8,29,70
5323:82586,30562,25532,22889,17,30471,31324,64926,16221,12622
5325:16073,62270,97476,15149,38747,99721,83235,103379,100151,89362
5329:17,302,84,1119,654,8,70,616,354,76
5335:302,654,616,58,8,1102,29,518,354,76
5358:17,302,616,654,58,8,76,518,84,542
5361:17,302,58,616,29,84,8,76,650,1102
5364:17,616,302,654,58,564,650,8,542,84
5378:302,8,76,29,650,518,70,354,138,15
5385:616,58,8,76,650,518,542,138,301,736
5387:17,84,8,76,650,518,1102,564,354,138
5397:616,84,29,8,76,650,518,1102,354,542
5398:58,17,654,616,518,542,902,289,364,302
5403:654,58,84,29,8,76,650,518,1102,542
5425:17,302,654,616,8,84,29,76,518,650
5433:654,616,58,84,29,8,76,1102,518,354
5434:17,654,302,616,58,70,81,76,226,84
5435:17,654,616,58,29,1102,76,650,542,354
5436:302,654,616,58,8,1102,29,76,518,354
5438:302,654,616,58,518,29,1102,76,650,354
5449:81,17,76,616,654,302,564,650,58,70
5455:17,302,654,58,8,84,76,650,518,29
5456:17,616,8,302,518,654,58,84,542,564
5458:17,302,616,8,245,654,564,84,518,58
5462:302,654,616,58,84,8,29,76,518,650
5472:17,226,302,616,780,76,58,654,70,564
5474:302,58,84,8,76,650,518,542,1102,564
5477:76,5975,17,378,1397,226,9054,2510,4889,2139
5478:17,616,1410,8,76,508,245,302,65,15
5479:17,1405,616,245,65,327,15,542,302,8
5480:616,58,84,8,76,650,518,542,354,138
5499:17,302,616,76,654,58,70,226,650,564
5500:99656,90787,90243,65045,111688,119978,16211,112645,79221,84530
5502:17,518,654,8,302,58,650,616,14035,199
5512:17,616,302,654,58,76,8,84,564,29
5527:302,654,616,58,84,8,29,76,1102,650
5529:
5530:17,302,654,58,8,84,650,542,29,518
5535:17,302,654,616,76,8,58,84,226,650
5536:17,70,654,76,616,1382,508,736,8011,40
5542:17,302,616,654,58,8,518,84,29,76
5551:302,654,616,58,84,8,650,518,1102,354
5562:17,302,58,616,29,84,8,354,650,1102
5580:302,654,616,58,84,29,518,76,650,1102
5584:12968,2856,2260,5486,11577,7940,16360,31356,24065,46572
5601:17,302,58,76,84,8,518,542,1102,354
5611:302,654,616,58,84,8,29,76,518,354
5632:17,302,654,58,84,8,76,518,542,564
5640:76,654,17,58,698,1970,190,2139,302,564
5644:5975,1397,9054,2510,4889,603,13341,6311,14268,8772
5645:17,654,302,616,58,76,29,518,84,508
5656:302,654,616,58,518,29,1102,76,650,354
5666:236,3448,12253,17,4203,1912,654,564,14750,10075
5683:17,302,654,84,76,616,58,29,301,8
5691:
5696:17,8,616,302,84,654,58,15,542,354
5702:616,84,8,76,650,518,1102,542,354,138
5707:17,508,76,1410,245,564,1352,302,8,616
5717:17,302,654,76,58,616,650,29,8,70
5718:17,302,654,84,58,616,361,29,76,8
5721:17,84,654,8,302,616,518,58,1102,101
5722:17,302,654,58,8,76,84,29,542,1102
5741:616,58,8,76,650,518,542,736,564,15
5765:17,302,58,654,8,76,518,84,542,650
5766:6906,76,42870,1176,43400,21835,8226,358,27364,45123
5780:17,302,58,84,29,518,564,542,1102,354
5784:17,302,616,58,654,76,8,542,650,518
5788:3591,18709,41373,74483,41000,1730,28577,719,47847
5798:17,8,302,518,84,616,654,58,245,542
5803:8,29,76,1102,542,70,564,138,736,15
5817:17,616,58,84,8,650,518,564,1102,542
5822:17,518,15,8,302,616,1405,65,84,508
5834:17,302,654,616,58,564,650,8,84,29
5858:17,302,76,654,616,58,564,226,8,84
5863:17,378,4671,8,302,84,76,654,14259,311
5864:17,302,654,616,8,29,650,84,564,70
5865:347,1546,76,3847,11887,9043,1790,14237,70,81
5866:81,17,76,226,731,616,564,70,508,302
5876:17,245,616,518,654,302,58,8,564,364
5884:17,302,616,654,58,8,84,650,76,542
5890:17,302,654,58,616,84,650,76,8,354
5891:
5892:5834
5894:17,76,302,70,8,654,564,508,616,226
5896:65127,14817,6779,43442,118550,119275,2337,16149,13584,4342
5904:78504,91431,92712,10372,105704,22920,11887,35798,25107,29473
5905:17,84,518,302,616,654,58,1102,101,650
5922:302,654,58,8,29,1102,650,76,518,542
5923:17,616,302,654,58,84,518,76,542,650
5943:17,302,654,616,58,29,542,8,84,518
5947:10860,39828,65522,41071,20261,22192,32709,17342,353,554
5956:302,654,58,84,8,76,29,650,564,1102
5964:17,616,302,654,58,8,542,518,84,76
5978:4146,6117,70,9843,6901,2857,12848,14237,3288,1651
5990:17,302,654,616,58,84,8,29,518,76
5994:19135,64804,63574,15777
6001:17,76,616,302,564,654,58,542,698,8
6002:17,616,302,409,654,508,650,542,358,70
6013:17,58,650,302,616,224,182,61,654,542
6018:17,654,302,616,58,84,518,8,15,354
6020:76,2265,698,654,1913,58,17,616,302,564
6027:302,654,58,616,84,8,29,1102,76,650
6031:58,1937,1140,6,17,21816,1089,15,356,3101
6062:17,302,616,654,84,76,8,81,58,518
6067:17,302,654,616,84,58,138,8,76,650
6073:17,58,616,29,84,8,650,76,1102,354
6076:17,302,58,654,8,650,542,76,29,84
6078:8,84,17,302,15921,9289,19871,1495,247,10492
6083:17,616,654,302,58,15,542,8,518,29
6093:654,616,58,8,29,76,650,518,138,301
6109:17,302,8,616,654,84,58,518,76,650
6110:17,616,1410,76,8,564,508,1471,58,2139
6118:654,616,58,84,29,8,76,650,518,1102
6128:84,8,76,650,1102,518,354,542,138,736
6135:1790,17,70,226,76,1023,508,616,378,302
6137:302,58,8,29,76,650,518,354,542,138
6139:17,302,1102,654,8,616,58,518,29,354
6140:17,616,302,58,654,542,650,564,518,409
6145:13186,113497,29,17424,1119,28140,1405,1202,2030,33218
6146:
6155:302,654,616,58,84,8,76,29,518,650
6161:17,302,616,654,58,76,8,508,84,542
6162:17,302,654,616,29,8,84,518,650,76
6164:17,302,654,58,616,76,564,226,780,8
6179:533,5975,10981,8772,4671,603,14814,6311,7268,3034
6186:17,302,654,616,8,29,84,518,76,542
6192:17,302,654,616,58,84,8,76,138,29
6202:17,302,654,616,58,564,650,8,84,736
6205:17,302,654,616,58,84,650,564,29,8
6207:302,654,616,58,84,8,29,76,518,1102
6210:17,302,654,58,518,1102,29,650,76,542
6219:4755,3107,1527,1352,2880,10041,508,378,189,1712
6228:302,58,84,29,76,650,1102,542,354,564
6270:17,616,654,302,8,58,518,84,542,76
6271:654,58,616,84,8,650,76,1102,354,518
6274:
6283:302,654,616,58,84,8,29,76,1102,354
6290:17,616,654,302,58,542,15,8,518,61
6292:245,17,94,15,616,61,508,8,103,518
6298:17,616,302,654,58,8,76,542,518,564
6301:17,616,84,8,76,650,518,542,1102,70
6312:6290
6331:17,76,302,616,654,58,8,226,70,564
6336:17,302,654,616,84,58,8,76,518,564
6338:302,654,616,58,8,29,650,518,1102,564
6345:302,654,616,58,84,8,76,29,650,518
6351:1913,17,76,302,361,654,616,866,2139,58
6357:654,616,58,29,650,518,76,1102,354,564
6371:17,654,616,58,29,84,650,8,76,1102
6391:
6392:17,302,616,654,58,84,518,564,650,70
6395:4755,1352,17,508,542,76,8,58,378,654
6404:168,984,76,661,1326,463,8860,5480,760,1400
6407:302,654,616,58,84,8,76,29,518,650
6413:44,302,17,168,1682,224,1326,81,654,162
6420:168,719,984,76,81,1400,463,574,8860,564
6450:654,616,58,29,650,76,518,1102,542,138
6457:17393,17005,302,70710,75636,88852,76,71578,3504,43008
6469:17,302,654,616,58,84,76,29,70,8
6475:17,302,616,29,84,8,650,518,354,564
6520:17,302,654,616,76,70,58,8,564,84
6536:6960,16350,5195,32347,13700,16463,14906,2983,2345,30077
6543:17,654,616,58,84,29,76,518,1102,542
6555:654,616,58,8,650,518,354,70,138,15
6565:22006,27071,37522,302,654,8439,1550,1883,162,138
6568:840,2548,17,245,76,616,508,8,103,3196
6569:21576
6587:17,302,654,58,8,650,564,84,518,29
6593:17,58,616,29,84,8,650,76,1102,542
6594:17,302,654,84,616,76,48,226,138,58
6597:17,616,302,654,76,70,58,542,564,8
6600:81,226,17,70,564,508,76,302,138,616
6601:17,302,76,654,542,238,1344,58,361,616
6602:30436,8392,9435,4656,12501,7622,11946,311,103717,55633
6603:12734,12332,4575,8167,17527,25910,37042,3054,2318,367
6641:17,302,616,654,58,8,76,84,518,29
6642:302,654,616,58,84,8,29,650,518,1102
6655:17,302,654,866,616,76,58,84,8,354
6658:17,302,654,84,8,616,58,518,542,1102
6671:3536,3715,38470,1830,7409,15553,68743,81,986,1382
6676:17,302,654,616,58,866,84,76,29,8
6682:616,58,84,8,76,650,518,542,138,301
6694:6432,26085,4386,27741,36868,31969,35183,34035,6449,10211
6698:6724
6723:17,302,654,616,564,58,650,8,84,508
6724:17,616,302,15,518,238,226,94,8,245
6725:17,302,654,58,616,84,8,650,1102,354
6728:302,654,616,58,84,8,29,76,1102,650
6735:17,616,58,84,8,564,518,542,70,1102
6736:17,302,616,654,58,84,518,76,650,542
6737:17,302,654,616,58,76,8,518,542,84
6749:168,719,1400,5480,463,8860,2318,661,760,1528
6755:17,1102,302,8,654,518,616,58,354,29
6773:616,8,518,564,542,301,101,15,6,285
6792:17,302,654,58,8,29,518,650,76,564
6793:654,616,58,8,29,76,650,1102,518,354
6843:302,654,616,58,84,8,76,29,650,518
6851:17,302,616,84,518,654,58,76,564,650
6881:17,500,616,76,6491,508,564,58,226,8
6883:17,302,654,616,58,84,650,8,76,29
6886:616,58,84,8,76,650,518,1102,564,301
6889:302,654,84,58,616,8,29,1102,354,76
6894:6922,112582,5152
6895:866,17,302,654,354,76,58,29,84,616
6898:17,302,616,654,58,650,8,542,518,84
6903:17,302,654,616,58,564,84,650,29,354
6932:17,616,224,302,654,58,650,8,182,76
6933:17,616,302,8,76,81,654,508,650,58
6935:111979,60549,56570,113270,40281,114998,104512,39786,36213,52826
6939:17,302,654,616,58,84,8,518,29,76
6948:102171,14610,64933,46,74415,100224,14973,64230,4858,40887
6950:
6958:957,70,650,113365,302,17,8,4326,866,16676
6960:17,302,361,654,76,58,29,616,84,354
6966:3770,25398,103304,9462,42150,21249,5319,123306,106681,24825
6977:17,616,542,8,302,654,518,15,58,873
6982:17,361,302,654,29,354,76,84,58,616
6983:
6984:17,302,654,84,8,58,616,518,76,650
6992:245,17,1744,302,4268,1827,616,441,3506,353
7005:302,654,616,58,84,8,76,29,650,518
7019:17,302,58,84,76,29,8,650,518,542
7027:
7034:17,302,654,58,8,84,29,518,542,70
7035:302,654,616,58,84,8,29,76,650,518
7036:17,302,654,58,84,616,354,70,29,76
7044:302,654,84,616,58,8,29,76,70,518
7053:17,302,76,654,616,70,508,58,8,564
7059:719,5480,984,1326,463,76,2318,5738,8860,661
7069:
7077:77790,58530,64725,62125,31168,32107,43857
7096:
7112:75057,71443,81729,120102,107052,75265,2449,81,116189,66211
7116:17,616,302,654,58,8,76,15,650,518
7118:654,616,58,84,29,8,76,1102,518,354
7133:616,58,84,8,650,518,1102,354,542,564
7137:8563,4943,7082,34038,39684,23213,70580,26165,50432,24035
7140:17,84,518,302,616,654,58,1102,101,650
7159:302,654,84,8,29,76,650,518,1102,542
7173:17,616,654,302,58,542,8,6,15,518
7178:17,616,654,302,508,32,564,8,402,1410
7183:17,616,8,650,518,542,564,70,736,301
7184:
7188:
7192:616,58,84,8,29,76,518,1102,354,564
7196:
7203:17,302,654,616,76,58,84,8,354,29
7214:17,302,654,616,84,58,8,518,29,899
7224:17,302,616,654,58,8,84,518,542,650
7225:18087,105578,66575,21514,82752,557,52049,63391
7230:
7232:17,302,226,654,76,616,138,84,354,58
7239:17,616,302,654,58,15,518,564,8,101
7242:19029,44935,5611,94354,22848,7614,20037,9782,110617,54008
7254:103841,58624,94421,12703,88658,86845,78776,71891,103073,57258
7268:17,616,84,8,650,76,1102,542,518,354
7291:245,2715,17,1744,441,4268,302,508,564,76
7294:17,302,654,616,58,76,518,1102,29,650
7299:302,654,616,58,84,76,8,29,518,1102
7303:83785,41588,74118,104811,22110,27309,21679,20186,610,122158
7326:302,654,616,58,84,8,76,29,1102,354
7340:15238,56166,5670,70959,8897,11579,890,33321,8042,5097
7346:17,302,616,654,58,564,650,8,542,70
7348:302,654,17,58,616,29,84,76,542,1102
7351:
7356:1326,81,302,76,17,1682,70,1410,508,168
7366:654,616,58,8,29,76,1102,650,518,70
7367:76,986,17,226,302,1069,58,9830,650,81
7383:19886,28994,86531,5187,19885,55895,80675,35646,12400,899
7397:17,302,654,58,8,84,650,29,76,518
7410:17,302,654,616,81,564,58,650,8,70
7414:17,302,654,58,616,29,224,650,8,84
7419:168,719,76,8860,463,5480,984,5738,1400,661
7429:
7433:302,654,616,58,84,8,29,76,1102,650
7444:17,76,302,8,616,654,518,564,542,245
7451:69,38690,1917,1617,12495,55235,8794,65161,52829,25649
7461:17,302,654,616,564,58,650,8,84,736
7466:17,1951,245,2268,518,616,8,15,364,58
7467:302,654,616,58,84,8,29,76,650,1102
7488:302,616,58,84,650,518,1102,564,542,354
7489:7612,24032,85656,58835,68947,50463,39860,41064,49652,118929
7517:3378,186,11408,10178,22713,64973,45641,40356,32261,39446
7518:302,654,84,616,58,518,29,76,650,354
7519:302,654,616,58,84,8,76,29,650,518
7527:20300,39395,245,15642,2200,33882,1524,774,353,2403
7542:17,654,302,76,616,58,564,29,84,8
7555:72027,2600,6165,2549,10079,78217,13312,117659,73619,103272
7556:76,17,508,40,698,48210,564,6545,8419,358
7558:168,17,76,564,616,302,58,226,542,554
7563:58,616,84,8,76,650,518,354,138,542
7572:76,17,168,564,616,81,719,302,58,654
7586:168,719,984,5480,1326,1400,8860,5738,76,1460
7590:302,654,616,84,29,8,76,650,1102,518
7603:302,654,616,58,84,8,29,76,650,518
7605:302,654,616,58,84,8,76,29,650,518
7607:302,654,616,58,84,8,29,76,650,354
7608:302,654,58,616,8,518,76,650,354,138
7612:616,17,654,58,302,8,542,650,84,76
7617:654,755,2641,46650,1119,37236,17
7637:302,654,58,616,84,8,29,76,518,650
7657:17,650,518,302,508,84,8,564,1097,654
7661:17,654,302,616,58,8,84,518,354,76
7678:17,1352,3107,76,616,8,302,508,654,564
7682:7836,47276,1012,17,15556,1462,289,3216,354,901
7692:302,654,616,84,29,8,76,650,518,1102
7699:226,140,81,70,17,1888,289,518,1884,138
7707:616,84,29,8,76,650,518,70,1102,542
7708:947,616,302,1471,17,650,542,182,15,245
7713:654,616,58,84,29,8,650,1102,518,354
7734:61,17,542,8,2739,289,302,70,6923,999
7741:17,302,84,8,76,542,518,1102,564,354
7742:302,654,616,84,8,29,76,650,518,1102
7743:17,302,654,58,8,650,84,70,542,518
7751:654,616,58,84,29,8,76,650,518,354
7760:17,302,616,58,654,8,518,76,564,84
7766:168,1326,226,76,5738,1460,984,352,719,698
7787:17,302,616,654,76,58,8,84,518,542
7813:17,616,654,302,58,8,518,542,650,1196
7818:17,616,302,654,58,8,84,650,518,542
7823:76,17,508,564,1326,168,719,654,698,1023
7825:17,302,654,70,616,58,76,138,226,8
7833:17,84,302,8,899,654,616,518,245,301
7841:302,654,58,84,8,29,76,650,518,542
7844:302,654,616,58,84,8,29,76,1102,354
7850:17,508,302,8,616,654,76,84,70,518
7863:17,302,616,654,58,8,650,542,84,518
7869:533,76,603,10981,8772,13341,4671,17,7926,17316
7888:17,654,58,84,76,518,1102,542,564,354
7889:226,17,81,70,76,508,302,564,616,138
7894:17,302,616,76,8,654,58,564,84,518
7903:2048,565,10905,19863,16005,3131,2025,13896,1131,6627
7915:17,302,616,58,84,29,564,1102,542,354
7921:10503,17,81,8454,27291,76,840,899,5767,605
7945:168,76,463,564,1400,661,226,5480,8860,2318
7946:17,302,654,616,58,8,76,84,518,542
7949:17,302,654,616,58,8,84,70,76,518
7951:616,58,84,8,29,76,650,518,542,354
7958:
7962:8,29,650,564,289,866,226,224,61,861
7964:17,302,76,616,8,654,650,58,542,32
7967:565,2510,53369,453,56568,15204,26531,45974,16089,40037
7969:17,302,654,616,58,76,29,361,84,8
7975:302,654,58,84,616,8,29,76,1102,650
7976:17,650,542,238,518,58,429,899,892,6
7977:302,654,84,58,616,8,29,866,76,354
7981:3378,65033,17717,616,1412,15498,2512,20949,46421,17925
7990:17,616,8,302,58,518,654,564,76,245
8002:245,17,1744,76,710,441,5117,508,302,616
8008:
8009:17,58,302,654,8,76,861,650,564,518
8023:17,302,654,58,8,76,518,84,542,650
8032:17,302,654,616,76,8,70,58,564,84
8036:984,5480,719,1400,135,168,399,5488,1326,5557
8054:17,302,654,616,58,564,8,650,84,70
8065:58,76,650,518,542,354,138,70,736,301
8068:17,76,616,564,654,58,542,302,2139,81
8069:302,654,84,58,616,8,29,866,76,354
8081:302,58,616,84,29,8,76,650,354,518
8090:616,58,84,8,76,650,518,70,354,542
8097:17,508,76,8,564,542,616,654,245,518
8103:17,616,70,76,8,508,654,564,302,226
8104:
8130:17,302,1102,8,654,616,518,58,354,29
8134:105057,57519,8384,19319,27880,92398,17131,25061,399,659
8137:58,29,564,542,70,138,736,301,15,289
8141:17,616,76,564,654,302,8,58,508,84
8144:17,302,654,616,564,58,650,8,84,736
8150:17,302,8,84,29,650,518,736,70,1102
8159:17,616,8,302,654,15,518,65,58,32
8161:8357,54240,77681
8163:17,302,654,76,616,58,84,8,736,29
8184:17,81,654,302,780,616,8,58,70,500
8186:654,616,58,29,518,650,76,354,542,138
8200:302,654,84,58,616,8,29,1102,76,650
8206:17,616,787,654,402,61,302,650,518,15
8217:17,58,302,654,8,29,76,542,650,518
8224:17,302,654,616,84,58,518,29,650,76
8225:774,17,245,8,518,353,302,84,508,899
8227:17,245,518,8,1267,32,542,61,616,103
8229:17,302,58,616,29,84,8,76,650,518
8245:10503,17,8454,81,5767,14508,605,27291,76,840
8263:
8264:17,616,542,302,654,58,564,76,15,518
8270:17,654,302,58,616,84,354,8,76,29
8276:17,616,58,84,8,76,650,518,542,1102
8285:17,654,58,616,302,542,518,61,8,364
8286:17,302,654,58,616,29,76,650,8,542
8287:17,76,302,616,58,654,780,564,226,70
8290:17,302,654,29,58,84,70,8,76,354
8310:5975,76,603,226,13341,6311,8772,2139,7926,17
8314:40355,866,17,1546,16959,67156,63166,53154,3878,36797
8325:302,17,654,58,616,29,8,15,650,542
8326:302,654,616,58,84,8,29,76,1102,354
8334:17,654,58,616,302,15,29,542,8,84
8336:
8343:302,654,616,58,84,8,29,76,650,518
8347:616,8,29,650,76,518,354,542,138,736
8352:17,302,616,654,76,58,8,564,84,650
8368:17,654,302,616,29,8,84,76,650,518
8380:17,302,616,654,58,564,650,8,70,508
8396:17,302,58,616,8,1102,518,650,76,354
8401:302,654,58,616,84,8,76,1102,650,354
8406:17,654,616,58,8,29,1102,76,518,650
8411:302,654,84,58,616,8,29,1102,354,76
8413:17,409,302,15,616,58,542,32,650,8
8435:
8449:17,2880,4825,508,3172,378,245,564,616,76
8450:1686,1711,18803,13266,37804,46266,101220,95512,102561,91192
8476:302,58,654,17,29,616,650,356,76,542
8477:17,302,616,654,58,8,84,518,70,542
8491:1888,302,48106,3374,496,1749,12790,7211,687,15386
8499:17,302,616,654,8,58,76,84,518,542
8500:81,226,17,70,564,508,76,302,138,616
8510:17,518,84,58,302,61,616,245,654,8
8513:17,8,302,616,654,58,84,76,564,542
8517:57092,25041,29782,1140,31128,508,26492,91334,1050,83832
8530:17,302,654,58,84,8,76,650,518,542
8531:302,58,8,29,76,650,542,564,70,301
8534:398,17,4941,8321,3372,226,698,2447,6503,76
8536:17,616,654,8,302,58,518,76,542,84
8537:17,616,58,654,363,302,8,518,542,564
8552:
8569:17,1352,508,76,1527,8,4825,564,518,302
8578:106,14152,2816,1957,4481,974,84,616,17,1023
8581:17,616,302,654,58,650,76,8,542,564
8582:8,650,518,1102,542,354,70,736,15,101
8600:17,302,8,84,616,654,873,70,65,564
8603:17,947,84,8,302,654,1102,518,354,616
8635:17,866,302,654,58,616,76,29,84,354
8636:17,302,654,616,58,84,29,8,650,138
8637:
8644:17,616,302,654,58,8,542,650,518,29
8651:302,654,84,58,616,8,29,76,354,1102
8660:17,616,58,84,8,76,650,518,542,1102
8670:81,780,654,58,17,650,182,138,542,70
8681:302,654,84,8,76,29,650,518,70,542
8692:17,70,76,302,616,654,58,564,8,508
8711:
8717:3819,1884,1690,1344,81,542,5767,17071,2369,3429
8718:17,76,81,564,302,616,654,58,542,8
8719:654,616,58,84,8,29,518,1102,354,564
8735:17,654,302,616,84,58,29,8,518,301
8736:17,500,76,616,564,508,58,226,81,238
8746:302,616,58,84,8,29,76,650,518,542
8747:302,654,616,58,84,8,29,76,354,650
8755:27589,86870,27582
8760:17,616,302,654,58,8,564,15,518,650
8765:
8768:17,302,76,616,58,654,564,70,650,8
8771:17,302,654,8,58,29,76,650,542,354
8774:17,302,654,616,58,518,1102,29,650,76
8782:168,719,1400,463,5480,5557,1460,8860,2153,1528
8788:58,84,8,29,76,650,518,1102,542,354
8789:17,616,76,8,302,654,58,564,518,650
8790:17,6503,226,76,3372,2068,1790,11563,27241,70
8802:302,654,616,8,29,650,518,354,564,542
8810:17,76,616,302,654,58,8,736,650,542
8812:17,780,226,76,302,58,616,654,262,70
8822:
8825:302,654,616,58,84,8,29,76,650,518
8844:2121,8191,4205,49290,30981,17,91543,11602,29440,715
8850:4755,1527,3107,10041,2880,1712,3172,378,4825,508
8852:17,70,616,76,302,654,58,81,138,84
8862:17,84,8,302,616,654,518,899,245,58
8863:302,654,58,8,29,518,564,542,354,138
8868:17,302,654,1102,8,616,518,58,354,29
8870:17,616,58,8,29,76,518,354,542,138
8872:17,302,616,654,58,8,84,76,542,518
8877:17,302,616,654,58,8,84,76,650,29
8889:17,302,8,654,616,76,84,58,508,518
8890:17,302,226,654,138,616,84,76,354,58
8900:302,654,616,58,84,8,29,76,1102,354
8906:17,302,654,616,58,76,84,8,650,518
8912:17,302,654,616,138,76,58,84,8,354
8913:840,2548,4755,1352,2880,5111,157,10541,8069,10041
8915:17,302,654,58,518,76,29,1102,650,542
8916:302,17,654,616,650,58,8,29,542,518
8920:81,17,226,780,731,5767,70,76,302,262
8924:17,302,616,654,76,58,8,650,84,226
8931:302,654,616,58,84,8,29,76,650,518
8935:302,654,616,58,84,8,29,76,518,650
8936:89051,54180,736,6306,40588
8958:302,654,616,58,84,8,29,76,1102,518
8984:297,352,60889,6659,9324,22064,29417,14754,162,25127
9000:17,302,616,8,29,1102,518,76,650,542
9001:353,4797,17,1951,245,518,616,8,84,94
9013:285,17,654,616,302,58,62,29,15,322
9024:17,616,302,654,58,650,8,542,564,76
9079:17,616,302,654,81,58,542,8,15,650
9085:17,654,616,58,84,29,8,76,650,354
9096:17,378,508,2880,76,564,245,8,616,518
9098:17,76,564,698,616,302,654,8,518,650
9106:302,654,84,58,616,8,29,76,1102,354
9111:302,654,616,58,84,8,29,76,650,1102
9122:17,302,58,29,84,8,650,76,1102,542
9128:654,616,58,84,29,8,518,1102,564,354
9135:17,302,654,616,58,84,518,1102,76,650
9141:1352,3107,1527,2880,189,17,508,378,1712,76
9152:302,654,616,58,84,8,76,29,518,650
9155:17,58,302,654,8,76,650,861,542,84
9157:3034,7622,533,5975,4671,10981,311,76,8529,8759
9158:17,76,81,616,8,2139,58,70,508,654
9159:17,245,302,616,654,58,353,8,15,518
9160:189,10041,1527,2880,3107,17,4825,3172,378,508
9161:719,984,463,76,1400,1326,8860,5738,2318,2153
9171:654,616,58,84,29,8,518,1102,354,564
9173:302,654,616,84,58,8,29,76,518,354
9200:17,654,616,302,58,84,8,363,650,518
9224:17,1382,302,508,70,8,654,616,84,354
9225:17,866,302,654,76,616,354,58,84,70
9233:22776,15373,44134,69881,89432,119615,523,90613,42657,69008
9236:17,302,616,654,58,8,542,518,15,508
9237:84,8,29,76,518,542,1102,354,138,736
9238:302,654,58,616,84,8,29,76,1102,354
9245:17,302,654,616,58,29,84,8,76,650
9249:17,518,84,616,8,1405,58,245,2076,654
9256:302,654,616,58,8,76,29,1102,518,354
9276:17,616,302,58,654,650,76,285,8,564
9288:302,654,84,616,58,8,29,76,354,1102
9290:8322,17,24933,13077,76,16965,30815,224,947,301
9291:302,654,616,58,8,84,29,76,650,1102
9310:17,302,616,654,58,8,76,84,29,518
9312:302,654,616,58,84,8,29,76,518,354
9313:17,616,302,654,58,8,76,542,518,650
9331:52132,64240,11246,85508,24308,69121,28740,12565,12964,3146
9333:95159,203,6210,3039,4993,353,9731,62433,2739,8
9350:17,302,654,616,58,84,8,650,29,736
9357:9760,83385,80021,986,7585,20184
9359:302,654,616,58,84,8,29,518,1102,354
9364:17,302,616,654,58,8,84,76,542,518
9368:72716,50917,60740,680,80322,26421,3291,16484,25601,30980
9369:17,76,302,8,654,616,58,508,84,70
9371:302,654,616,58,518,29,76,650,138,301
9381:1913,17,76,361,302,866,654,2139,616,70
9389:95029,97686,45970,109119,63225,72606,18077,32076,39645,650
9394:654,616,58,84,29,8,76,650,1102,518
9400:17,302,58,29,84,8,76,518,542,1102
9402:
9420:302,654,616,58,84,8,29,76,518,1102
9431:17,1023,302,508,8,542,70,787,616,654
9432:17,302,654,8,616,58,518,29,354,650
9433:71022,77882,16952,95228,103886,327,2495,118575,102438,109750
9437:17,76,616,564,654,302,542,58,508,8
9442:17,780,226,302,58,76,654,616,70,262
9443:302,654,58,84,8,29,76,650,518,1102
9451:302,58,616,84,29,8,76,650,1102,354
9473:17,780,76,226,302,616,58,262,654,564
9474:
9486:94680,94987,45,22008,78501,614,3509,162,2469,2073
9487:17,302,654,616,58,84,8,29,518,76
9489:17,654,58,616,29,84,8,650,1102,76
9494:17,76,508,302,8,616,654,564,518,4755
9498:
9499:654,17,616,58,302,542,61,15,289,101
9500:17,76,616,302,654,58,8,542,736,518
9507:17,616,302,654,58,8,518,542,84,15
9514:9961,85292,23317,63098,45791,19244,36401,1989
9525:17,302,654,616,58,8,84,518,76,650
9528:353,17,616,245,518,654,302,1951,354,84
9531:35368,262,6315,3506,89252,402,1851,77264,77204,92453
9535:17,76,616,302,654,58,8,736,542,650
9538:17,302,654,58,8,84,29,650,564,518
9541:2162,1187,55676,899,10511,947,165,77846,774,70330
9553:16056,6207,27420,122169,3288,1109,1057,162,245,5000
9568:7622,7334,2543,12861,311,19152,1011,203,2215,17486
9570:17,302,616,84,654,8,58,508,76,518
9571:76,81,17,698,508,25481,327,302,1382,2139
9573:76,17,564,616,698,302,58,2414,654,8
9576:
9580:17,616,302,84,654,518,58,650,542,76
9590:17,302,58,29,650,518,542,354,70,138
9593:302,654,616,84,58,8,29,76,1102,354
9606:17,76,616,508,302,81,564,226,70,654
9612:302,616,58,8,29,76,650,1102,518,354
9613:17,302,616,654,76,650,542,518,58,15
9614:29,14314,155,11666,330,1245,3006,5514,678,9051
9630:76,17,564,616,302,654,719,58,542,81
9665:17,58,84,29,8,650,518,542,736,354
9666:11644,398,5598,302,17,14964,616,2447,9388,13388
9668:17,302,654,616,58,76,8,29,84,542
9680:17,302,654,58,616,564,650,8,29,84
9685:17,654,58,616,302,542,518,61,8,364
9693:17,654,302,616,58,84,8,564,76,518
9694:17,70,302,654,138,76,58,616,354,84
9696:924,17,301,1539,8011,542,176,31496,1382,616
9711:36868,39875,6432,86488,84537,50506,36005,88297,6720,97047
9722:17,302,654,616,58,84,8,76,518,354
9727:17,616,302,654,58,650,76,542,8,564
9742:17,302,76,616,654,58,8,29,236,84
9745:17,654,58,84,518,564,542,354,138,736
9752:2139,102666,53749,88842,101071,1382,5022,89789,12872,37237
9753:17,302,654,84,616,58,1119,8,70,76
9755:17,654,58,616,29,84,650,8,76,1102
9757:59623,301,23599,21879,48361,17,24029,3484,40597,35534
9786:302,654,616,58,84,8,29,76,650,354
9808:17,616,542,302,654,58,15,8,518,32
9810:23398,1122,33683,1406,33720,9448,15937,65938,30223,2744
9812:302,58,616,84,29,8,76,354,1102,650
9813:17,302,616,8,654,76,245,518,58,542
9818:
9820:4268,245,17,15,61,518,327,542,616,1405
9824:17,774,1744,245,710,1002,508,4513,1065,76
9827:17,616,302,654,58,8,76,84,518,542
9831:168,719,984,1326,76,463,5480,8860,5738,1528
9834:17,616,302,654,58,8,76,542,518,650
9837:17,654,616,29,84,8,650,76,1102,6
9839:17,76,616,302,654,564,81,698,70,58
9840:17,4487,518,245,1703,616,353,564,94,508
9864:17,654,58,29,616,84,8,650,1102,76
9879:17,654,616,15,564,302,94,322,289,542
9890:17,302,654,58,84,8,29,650,518,564
9891:654,616,58,8,29,76,518,354,138,542
9892:17,245,8,61,616,302,654,15,32,542
9896:17,302,616,8,654,58,518,84,542,15
9899:302,654,84,58,616,8,29,866,76,1102
9900:17,302,654,616,29,8,650,84,564,542
9911:616,84,17,654,7744,508,1305,11951,30993,1382
9926:302,654,58,84,8,29,76,650,518,354
9927:650,518,564,1102,138,736,508,6,226,224
9929:302,654,616,58,84,8,29,76,518,354
9944:36269,12222,107205,29819,65121,56364,14201,29614,40543,48271
9945:17,8,327,654,70,616,508,81,58,76
9946:10503,17,8454,81,5767,605,840,76,27291,14508
9961:2178,18536,647,80461,88621,63691,122379,22632,91460,71694
9984:29024,12550,347,71844,75286,75338,1546,69454,97382,46921
10030:302,654,616,84,8,29,76,650,518,542
10040:168,76,1326,984,463,564,5480,1460,5738,508
10050:17,302,616,8,654,76,84,58,542,736
10051:409,35144,45,654,861,40465,48,1187,101,58
10073:17,654,302,58,616,29,15,650,542,84
10078:
10082:302,654,616,84,58,8,29,76,354,518
10084:3068,10662,91352,301,52056,52200,39277,60464,105164,86479
10086:17,302,29,654,564,518,15,61,84,616
10088:76,17,508,40,698,564,31342,358,8419,28632
10090:17,2139,76,890,361,40,564,698,866,500
10110:302,654,616,58,84,8,29,76,1102,354
10111:17,302,616,654,58,8,542,84,518,564
10115:182,245,1245,8,224,17975,97,27781,5260,364
10117:17,616,654,302,58,542,8,518,15,84
10130:17,302,70,654,616,84,518,354,1382,58
10132:17,616,302,542,65,327,650,508,654,15
10133:3610,138,704,16658,698,1884,380,4224,3613,9289
10136:17,302,654,616,564,58,650,8,84,736
10140:17,302,654,58,616,29,84,8,650,542
10148:17,302,76,616,654,58,8,564,719,245
10155:17,302,654,58,616,84,8,518,289,354
10156:1460,1326,76,297,508,168,5738,226,81,6097
10194:302,654,616,8,58,29,76,354,650,301
10196:302,616,58,84,29,8,76,650,354,518
10200:245,17,2403,616,353,8,3506,518,302,1524
10210:17,302,508,616,76,8,654,70,84,226
10233:18156,58227,33833,1592,13411,53668,26628,17,78503,58282
10235:226,508,17,76,225,719,984,8,297,1023
10236:65107,33195,49680,115685,115745,34043,121642,93471,90515,22103
10237:17,302,654,8,58,616,518,101,29,76
10249:138,1462,656,273,2013,122743,2326,117030,1804,289
10254:654,17,302,58,616,29,542,84,6,650
10267:616,8,29,76,650,518,354,542,736,564
10275:1382,1539,17,1126,1535,736,472,1405,1534,409
10276:302,654,616,58,84,29,650,518,1102,564
10279:616,17,302,654,58,861,8,542,6,518
10302:58,616,84,8,76,650,1102,354,518,542
10303:22218,76972,17,1930,924,947,82899,9891,38577,40
10304:302,654,354,193,3,1535,58,29798,239,32239
10306:17,654,616,8,84,29,650,518,1102,736
10313:17,654,616,302,58,8,15,84,29,542
10317:302,654,84,58,616,8,29,1102,354,76
10335:122178,98283,49366,51204,110095,22472,15531,669,18152,41662
10339:654,616,58,29,76,650,518,542,354,70
10342:17,654,302,616,8,29,84,518,650,76
10346:51326,7742,238,57778,10003,8167,10880,9411,8384,31879
10359:302,654,58,616,84,8,1102,76,650,354
10364:17,616,542,8,902,32,1196,564,364,826
10366:654,58,84,29,76,650,1102,354,564,138
10371:17,76,616,564,58,654,302,81,542,2139
10377:17,302,654,58,616,84,101,8,48,518
10378:97626,18935,2153,168,463,8860
10387:53812,48539
10388:17,302,654,616,58,8,84,76,650,29
10392:
10408:840,2548,10541,5111,197,14793,8069,5627,27070,13049
10420:17,58,302,654,8,29,76,542,84,518
10427:9711,17651,14071,32,7526,3039,11810,17195,2302,69197
10439:84,29,8,76,650,518,354,542,138,564
10445:17,84,518,302,616,654,58,1102,76,101
10454:17,124,616,70,1023,302,654,15,58,245
10471:17,302,654,616,8,58,518,29,101,76
10478:17,302,58,616,84,8,76,518,650,542
10479:564,68370,70299,4996,30754,616,47699,518,62290,659
10480:17,302,58,654,8,84,76,518,542,29
10488:302,654,616,58,84,8,29,76,1102,650
10502:11241,41101,28760,58923,22678,38702,88750,21868,69730,104025
10513:17,8,84,654,302,616,518,58,902,1102
10523:17,508,441,1002,245,8,1744,76,302,616
10543:245,2715,1744,17,441,302,4268,564,508,76
10554:
10563:302,654,616,58,84,8,29,650,518,354
10564:302,654,616,58,84,8,29,650,354,518
10570:17,58,616,29,84,8,650,76,1102,542
10573:
10580:17,302,654,616,84,58,564,76,8,1102
10636:302,654,616,84,29,8,76,650,518,354
10655:17,654,302,84,58,616,29,301,8,138
10691:17,542,616,15,364,61,58,654,103,999
10693:17,302,654,84,29,8,76,650,564,518
10698:17,302,654,58,8,29,84,650,518,76
10707:
10710:616,58,8,76,650,518,70,542,564,289
10726:69494,103120,22655,1885,23402,5767,96121,1344,11497,18532
10747:93815
10758:17,302,616,58,654,8,76,518,542,84
10770:17,302,76,654,8,84,508,354,327,787
10779:
10794:616,302,17,654,58,861,650,84,8,542
10801:76,17,564,616,58,698,302,654,650,8
10807:17,1119,8,302,654,518,616,245,84,327
10820:17,58,302,5303,358,4032,32433,1410,38085,64788
10842:
10843:17,302,654,616,58,8,29,84,518,542
10844:17,70,1535,76,138,542,1462,302,226,1023
10845:6503,7021,9289,8,17567,247,17,84,26460,3672
10854:13566,54897,45662,78928,41850,23368,51617,16689,32321,66003
10858:17,616,654,302,58,8,542,70,84,518
10871:17,58,302,654,616,45,29,650,8,542
10892:9318,1703,17164,74510,77950,116891,674,6759,69116,50939
10905:
10908:17,302,84,518,616,654,58,76,1102,564
10913:17,616,238,302,564,654,58,84,76,518
10920:302,654,616,58,84,8,29,76,518,650
10955:17,48,1187,302,2162,84,654,354,70,1119
10956:302,654,84,616,58,518,29,1102,76,650
10968:616,17,654,302,58,542,564,8,861,518
10991:17,616,302,76,654,58,70,81,8,564
10999:17,654,616,58,84,29,76,518,1102,542
11000:17,780,302,226,76,616,58,262,654,70
11022:302,654,616,58,84,8,29,76,518,650
11034:17,654,58,29,84,8,76,518,1102,564
11037:17,76,302,70,654,1382,1023,8,508,245
11047:17,1359,6243,1127,8,15,654,616,302,131
11055:
11099:17,654,302,616,58,29,542,8,650,84
11105:302,654,616,8,29,518,76,650,354,542
11110:2139,17,76,8,508,564,302,698,654,58
11118:15116,82688,19749,1651,13660,9790,95747,16029,6475,109364
11132:17,245,189,4755,508,616,302,76,8,564
11134:17,76,302,616,654,8,58,564,70,650
11135:17,302,616,654,58,8,84,518,76,564
11149:302,654,616,58,8,518,76,650,354,301
11150:5975,5319,11590,6311,8772,1337,13341,17316,7926,4040
11193:17,429,616,654,8,302,76,58,542,508
11211:29172,88437,27635,9291,32042,40719,1499,47174,26915,16658
11222:19544,34240,76,31638,899,17,15,96442,50369,947
11228:17,245,441,8,1744,1410,508,302,931,70
11240:
11259:
11264:17,654,58,616,29,84,650,8,76,1102
11273:616,58,84,29,76,650,1102,138,301,736
11278:17,302,654,58,616,29,650,8,76,84
11279:2405,19000,13926,58982,113529,118856,107060,52989,1551,6669
11280:
11287:302,654,616,58,8,1102,29,76,518,650
11332:31188,85124,65242,33019,9752,55777,74854,98337,168,103220
11360:12307
11363:17,302,654,866,616,58,76,84,354,70
11378:17,70,76,616,302,654,58,564,8,81
11388:654,302,236,616,43418,238,51943,190,4267,901
11394:17,8,302,518,616,654,84,65,327,58
11404:17,302,616,654,58,76,8,84,650,29
11414:17,302,654,616,6,138,301,58,542,18319
11418:17,76,564,508,302,8,654,70,616,84
11419:302,654,616,58,84,8,29,76,650,518
11426:236,17,654,776,10075,12253,302,14750,3448,4203
11427:4575,3054,12332,25910,76,3126,3477,226,367,70
11428:17,302,654,58,84,616,354,8,1102,29
11431:
11437:17,76,616,302,654,58,508,226,564,70
11439:17,245,5117,8,15,542,518,616,131,4268
11444:17,654,58,616,29,84,8,650,76,1102
11458:17800,24893,9716,658,861,518,483,616,3223,63341
11462:17,616,302,76,654,8,508,58,564,542
11463:58,76,29,542,354,15,301,866,101,289
11484:17,616,302,654,58,542,8,518,15,61
11507:17,302,616,654,58,8,650,542,84,518
11510:17,654,616,58,84,29,518,650,76,1102
11511:2520,104694,39336,58632,76547,18210,116222,33229,5694,12158
11525:302,17,654,58,616,84,650,354,8,1102
11529:302,17,654,58,29,616,542,84,8,650
11535:302,654,616,84,58,8,29,76,1102,354
11537:3378,17,13083,866,10178,186,22713,40356,77977,38292
11538:17,616,58,29,84,8,650,76,1102,542
11540:4600,48654,19065,5145,13894,24363,26293,508,3704,15457
11552:302,654,58,84,616,8,29,76,1102,354
11554:1352,17,10041,1527,2880,3107,76,189,378,4825
11558:17,508,873,245,70,302,76,1382,616,65
11569:616,8,29,76,650,518,542,564,301,15
11584:17,302,654,8,76,84,29,650,564,518
11586:17,302,616,654,58,8,76,84,518,542
11603:17,616,302,654,58,29,8,542,84,650
11606:654,58,84,29,650,518,1102,564,354,542
11614:4719,2447,398,37507,9388,5598,70,3180,301,302
11616:17,302,654,616,58,8,29,542,84,518
11651:17,302,616,58,654,650,76,285,29,224
11657:17,483,8,654,84,616,101,58,518,542
11660:17,58,616,84,8,650,76,518,354,542
11670:17,302,654,650,182,58,616,76,1245,29
11676:17,780,302,226,76,58,654,616,262,70
11685:17,302,654,616,58,76,8,650,564,518
11699:
11700:302,654,616,58,84,8,29,76,1102,354
11716:302,654,84,58,616,8,29,1102,354,76
11719:17,302,654,616,58,84,76,29,8,518
11723:17,654,616,542,302,58,564,8,84,76
11738:17,1102,302,8,654,616,518,58,354,29
11749:81,226,3423,986,654,262,70,13544,61,76
11775:17,302,654,616,70,84,58,8,76,518
11781:17,654,616,58,84,29,8,564,518,542
11788:17,76,564,654,901,302,616,698,354,84
11795:17,616,302,654,76,8,508,245,564,518
11799:
11818:17,58,616,654,84,787,302,322,518,29
11825:17,70,616,76,302,654,58,81,138,8
11835:17,58,616,29,84,8,650,76,1102,354
11836:31171,168,1326,135,10267,2103,2155,9417,378,5488
11838:17,931,873,70,947,1382,518,8,508,654
11839:23676,49696,52411,10345,85617,84183,94970,118323,105761,77465
11843:710,1002,441,1744,508,245,1410,1065,3618,1205
11844:23356,51436,58,36220,79048,33681,650,101838,654,42373
11847:441,710,4513,17,1002,1145,76,508,4421,84
11851:
11856:17,302,76,616,226,58,654,70,564,508
11863:
11864:
11865:17,302,616,58,84,29,8,650,518,564
11883:35382,11825,14797,225,13183,8364
11884:76,358,2139,81,2275,8860,1326,238,5480,168
11885:17,70,76,616,302,654,58,8,84,81
11892:17,302,616,654,58,76,508,564,542,518
11893:17,302,654,616,58,84,70,76,29,8
11896:17,302,654,616,58,8,650,84,361,29
11910:302,654,84,58,616,8,29,76,354,1102
11913:17,302,654,616,58,84,70,354,29,76
11922:17,654,302,616,29,84,650,8,76,289
11928:17,302,616,654,58,224,8,84,650,76
11929:654,84,8,29,650,518,564,1102,542,736
11939:17,616,8,302,654,58,76,564,518,650
11956:654,616,84,29,8,76,650,518,1102,354
11962:81,76,40,17,238,302,650,262,2139,508
11968:17,873,302,245,8,616,654,508,70,1382
11972:17,302,8,84,654,873,616,564,70,245
11979:866,17,302,654,76,354,29,616,84,58
11983:17,654,616,58,84,8,76,650,1102,70
11988:302,654,616,58,84,8,29,76,518,1102
11990:23393,110421,79005,122719,20452,105021,107724,4357,47717,12505
11996:
11999:245,441,17,1744,2715,1410,302,710,4268,564
12008:17,616,654,58,302,542,15,8,518,6
12010:17,245,616,302,61,654,8,564,15,508
12011:17,616,302,58,654,650,8,542,76,29
12027:17,302,654,616,58,564,650,8,84,29
12028:654,84,8,76,650,518,1102,542,138,301
12037:17,302,654,616,29,8,76,84,518,15
12047:17,616,8,518,508,2139,76,302,654,58
12050:17,654,616,518,76,650,542,354,564,138
12067:76,564,4146,17,2528,226,302,616,698,650
12084:17,654,29,84,8,650,76,518,1102,564
12094:168,984,76,463,1400,661,564,5480,574,8860
12130:17,616,1196,289,8,518,302,564,1804,61
12170:17,302,654,616,564,58,650,8,84,736
12199:790,17,8,21813,650,10408,891,24141,27340,873
12211:6901,16658,1651,10692,8783,2528,12093,76,6117,8129
12213:826,3081,1558,13835,1973,13207,33950,5739,60295,9864
12232:17,302,654,29,8,84,76,650,518,542
12234:17,302,654,616,76,866,58,8,84,518
12235:17,302,58,616,29,84,1102,8,354,650
12237:10291,30139,17,2337,40898,20288,30152,182,111861,2626
12239:17,76,2139,500,262,805,70,564,616,302
12263:17,8,616,302,84,654,58,542,101,564
12268:17,616,58,302,654,76,542,564,15,61
12271:17,81,76,70,616,58,8,226,654,508
12272:17,616,302,654,542,58,8,518,76,650
12296:17,899,302,1119,1187,654,84,48,8,616
12310:17,302,654,616,8,58,76,1102,518,29
12327:17,302,654,616,58,564,650,8,29,84
12328:17,302,654,616,899,84,58,76,8,564
12356:17,302,616,654,8,508,518,84,58,70
12360:302,654,58,616,84,8,76,1102,650,354
12364:302,654,58,84,8,29,76,650,518,1102
12373:10048,698,14890,10305,5962,21640,8102,11358,28945,14524
12375:1790,8,787,542,902,1412,2193,931,518,2140
12376:22218,76972,2549,17,1930,947,924,38577,4453,1592
12379:65,327,508,119,17,1405,1287,5567,511,518
12406:17,302,654,226,616,138,58,76,84,29
12416:302,654,84,616,58,518,29,1102,650,76
12428:
12433:17,654,616,518,8,84,302,58,564,650
12443:17,616,302,8,654,518,58,542,76,84
12453:302,654,58,616,8,1102,29,518,354,76
12464:17,616,302,654,8,58,542,76,225,518
12467:17,245,76,131,518,15,654,354,301,302
12474:17,8,654,84,518,302,616,1102,354,61
12480:17,302,654,616,58,29,8,518,542,84
12496:2924,23398,15937,30223,89721,36443,52070,54513,23206,65938
12498:
12505:719,168,2139,76,1682,3137,17,2677,5488,81
12512:654,616,58,84,8,76,650,518,1102,354
12531:17,616,302,654,58,8,564,650,76,542
12532:5282,93074
12533:616,58,8,29,76,650,518,354,542,301
12534:76996,63314,63571,104055,106285,115121,4138,110127,35882,33138
12536:17,302,58,616,84,29,518,1102,76,650
12540:17,654,58,29,616,84,8,650,1102,76
12541:17,302,654,226,616,76,84,138,58,354
12544:17,302,616,654,58,84,518,76,650,29
12549:17,302,654,354,29,76,84,58,616,70
12552:17,518,542,616,8,654,58,15,564,84
12555:81,698,2139,508,2275,70,986,262,8899,37827
12556:17,1102,302,8,654,518,616,58,354,29
12559:302,654,58,84,616,8,29,354,1102,76
12562:88524,12637,48208,9354,45423,32648,118834,122371,25114,10503
12564:616,58,84,8,76,518,1102,354,542,138
12568:77973
12573:17,616,654,58,302,15,542,84,650,8
12587:302,654,84,58,616,8,29,76,1102,354
12595:17,76,616,564,654,81,302,542,58,245
12601:17,302,654,616,226,138,84,76,58,8
12604:302,84,29,76,650,518,1102,354,564,70
12616:11644,9629,2447,398,17,24211,14964,302,236,5598
12622:17,302,654,616,29,8,84,650,518,76
12628:122304,14039,4305,8471,62866
12630:17,616,302,654,58,8,542,15,518,84
12642:17,654,616,8,29,76,650,1102,518,70
12660:17,616,302,654,58,8,518,564,861,542
12662:302,17,61,15,496,8,690,564,103,2139
12663:17,302,616,654,58,76,650,8,84,564
12669:302,17,654,58,616,29,650,8,76,84
12676:1410,1205,827,4444,1002,245,3618,17,710,327
12700:1913,76,17,245,302,508,564,8,616,70
12701:17,84,616,302,654,58,1102,101,564,542
12723:710,17,1002,1744,245,8,76,1410,508,1065
12725:17,302,654,58,616,29,650,76,84,15
12739:12039,219,129,2832,17,24464,70,65,61,12329
12753:17,302,654,616,58,650,29,8,84,564
12754:36233,4177,5124,8,2094,54,4268,8213,508,61
12761:17,76,616,564,302,654,58,2139,542,70
12766:81,226,17,70,508,564,616,302,76,654
12767:
12773:17,931,873,616,542,500,2194,245,508,564
12779:39851,23317,44254,17339,22689,6202,48076,20412,80690,54459
12780:17,616,302,654,8,542,58,76,650,518
12794:17,616,76,302,8,654,650,542,564,58
12795:17,654,58,29,616,84,650,1102,8,76
12796:17,76,361,866,302,654,58,616,2139,564
12799:46545,290
12804:17,302,616,8,654,508,518,1023,70,84
12807:19206,11590,14814,12294,5975,17316,1337,7524,17908,8772
12811:17,302,654,616,58,84,76,8,650,354
12836:17,616,654,58,302,542,8,15,518,861
12841:9127,5671,10348,45609,741,12099,21482,2139,1921,70277
12852:17,302,654,58,616,29,76,650,15,542
12860:654,616,58,29,76,650,542,138,301,564
12885:302,654,616,58,84,8,29,650,518,564
12892:302,654,616,58,84,76,8,29,518,1102
12898:17,302,58,654,616,29,542,15,8,84
12902:8772,5975,17316,12294,11590,1337,14814,533,13341,7524
12912:17,84,650,76,1102,354,564,101,15,289
12918:17,302,616,29,84,8,650,76,1102,542
12928:17,84,302,654,518,616,58,1102,76,650
12931:17,654,302,616,29,8,84,650,76,542
12934:616,568,17,654,15,542,58,322,76,302
12939:226,6435,1382,616,431,62016,327,508,101647,947
12956:17,616,58,302,654,542,8,650,861,564
12967:17,654,302,616,58,61,542,245,15,8
12970:17,302,654,616,58,76,8,29,84,182
12985:3039,654,3001,5512,44036,787,10071,29591,302,11539
12986:17,302,654,616,564,58,650,8,84,736
12991:17,654,616,302,76,564,508,650,8,58
12998:17,654,616,58,302,29,84,1550,8,322
13004:17,76,616,302,654,58,542,564,70,508
13019:3484,2194,4292,262,35032,40,500,2139,3717,542
13024:
13025:117672,285
13039:533,17,76,508,226,8772,1451,7926,10981,17316
13040:81,1749,140,1888,2967,7211,2379,226,500,1023
13050:11924
13060:
13062:2656,8,4300,518,939,9093,656,84,2031,17
13071:302,654,84,58,616,8,29,76,354,1102
13080:63072,101519,42111,121481,52642,117102,32048,29,167,8673
13081:654,84,8,76,650,1102,354,138,736,70
13087:17,542,245,564,616,654,1987,76,650,508
13092:302,616,58,84,29,8,76,650,518,354
13094:17,302,616,654,8,84,736,76,58,542
13106:1701,84700,59651,77776,76148,70149,14692,33504,118477,76170
13109:17,616,302,76,654,564,58,8,81,542
13110:17,76,616,564,302,654,58,8,518,542
13116:347,9043,238,7981,327,698,24467,508,302,226
13152:17,654,58,616,84,8,76,650,1102,518
13153:17,654,58,616,302,76,564,542,698,861
13177:17,302,616,654,58,8,76,650,84,29
13179:17,302,654,616,564,58,650,8,84,736
13192:
13195:17,616,302,8,650,542,654,58,518,76
13226:55388,111734,83624,83388,46537
13233:17,616,302,654,58,650,8,554,76,542
13259:14889
13264:302,654,58,616,84,8,29,76,1102,650
13269:
13280:17,302,654,616,58,8,84,76,29,518
13285:17,70,616,76,302,654,58,81,138,84
13289:17,2139,654,302,76,616,70,58,698,40
13295:302,654,84,8,76,29,650,518,542,1102
13296:924,31496,2547,302,17,301,1539,500,542,176
13307:616,12128,402,508,7184,32,518,1693,289,4522
13312:654,616,58,84,8,76,650,518,1102,354
13319:
13325:1592,12508,17,669,26722,66166,35946,38165,8841,97798
13335:17,302,58,654,8,76,84,29,542,518
13339:9289,7021,17567,6503,13889,37869,10492,45956,50306,54142
13353:17,302,616,654,58,76,8,70,226,518
13367:168,76,984,463,564,661,508,1400,17,760
13375:
13377:17,302,654,616,76,58,84,650,8,29
13380:32752,15089,90420
13387:87381,2194,3484,4357,554,931,1109,7548,8384,327
13392:9286,66642,75019,25481,6194,28405,48988,55118,68284,698
13414:302,654,616,58,84,8,29,76,518,650
13425:17985,13102,99633,29298,95140,932,91520,1890,289,64753
13432:17,616,654,787,302,518,58,8,84,542
13434:302,654,616,58,84,8,29,76,518,354
13435:17,654,302,58,616,70,361,76,542,15
13436:23824,13895,19433,6379,25716,1446,46994,2275,14600,34553
13444:17,302,616,654,8,84,58,518,226,76
13445:17,302,654,58,84,8,650,29,518,542
13447:22182,5477,11404
13459:17,76,616,302,654,564,58,650,8,226
13464:17,76,616,302,654,58,8,736,542,518
13466:17,302,616,654,70,58,84,8,76,518
13467:17,302,616,8,654,84,76,58,542,736
13469:654,58,616,84,8,76,650,1102,518,354
13470:18920,6951,7926,39399,5319,6311,1997,1337,33228,3034
13504:302,58,616,84,29,8,76,354,1102,518
13506:302,17,654,58,616,84,650,354,8,285
13511:302,654,616,58,84,8,29,518,76,650
13525:76181,92317,95709,13108,58978,58835,857,95446,28825,70972
13526:1326,168,1460,76,719,564,5738,226,508,378
13530:17,780,76,302,58,262,226,654,616,564
13533:17,302,654,616,8,29,84,518,650,76
13534:42665,32975,13516
13535:17,4755,189,245,61,616,564,302,654,508
13564:17,616,302,8,654,650,542,76,58,518
13568:17,508,564,245,76,616,4697,65,61,302
13584:17,616,654,302,58,8,15,518,29,84
13590:
13596:17,654,302,58,616,84,354,8,76,518
13602:17,302,654,58,8,84,76,29,650,518
13607:17,138,70,302,654,354,84,58,29,616
13613:17,654,302,616,29,84,8,650,76,289
13618:16797
13632:7703,17,508,302,358,8,696,1790,616,2139
13633:17,616,58,302,654,8,101,289,542,518
13634:302,654,58,84,616,8,29,76,1102,354
13643:15479,19062,5738
13657:17,1023,70,65,58,508,1126,131,1451,736
13665:17,616,302,654,58,76,8,542,650,518
13666:17,302,654,616,58,564,650,8,84,508
13696:17,70,76,616,302,81,654,58,138,564
13700:302,654,616,58,8,1102,29,76,518,354
13701:17,70,616,76,302,654,81,58,8,84
13710:168,76,1326,719,1528,984,564,1460,17,226
13723:87426,48195,49287,7327,8060,77530,40,90162,84744,7576
13752:46738,70522,7278,409,29572,60279,19327,29649,103608,8252
13758:17,654,58,616,29,84,8,650,76,1102
13761:57756,96637,99523,93035,4399,7707,7173,100206,21551,49616
13770:43956,92873,53455,24960,23945,4966,71640,1923,16145,1991
13781:80287,921,51741
13782:17,302,787,9594,654,76,7622,311,12861,32
13784:533,69496,92441,32501,93976,94676,95199,95155,95097,92135
13806:302,654,616,58,518,29,76,650,354,301
13812:17,302,58,654,8,650,76,542,84,29
13813:302,654,616,58,84,8,29,76,354,650
13831:16208,7409,4268,17,3715,650,8973,1830,1023,25793
13835:17,361,866,654,302,58,76,616,542,546
13841:17,302,654,616,58,564,8,84,29,70
13871:719,168,984,463,1400,4877,574,5480,135,2642
13874:
13876:17,302,654,616,58,8,29,84,518,650
13883:302,58,616,84,29,8,76,650,1102,518
13884:17,654,616,58,29,84,8,564,1102,518
13892:17,76,698,2139,81,564,70,616,262,508
13893:533,5975,10981,13341,8772,10180,2139,7926,5304,4671
13900:302,654,616,58,8,29,76,518,650,354
13912:40,4,10048,698,564,2139,76,6303,1460,6097
13918:2934,9629,11644,398,32850,34879,11588,15727,24340,16624
13924:302,654,616,58,84,29,8,76,650,1102
13953:17,361,302,654,76,616,58,84,354,29
13956:15947,44741
13961:10804
13964:17,302,361,654,616,58,84,76,354,29
13995:3282,27335,15078,20245,54427,71248,75100,47278,33265,97866
14003:
14014:26540,17,8,616,83046,20997,394,1509,4268,1804
14015:
14024:245,17,1410,508,616,827,564,8,15,76
14034:
14040:17,616,58,15,654,245,327,162,61,1332
14056:17,616,364,542,245,58,518,61,564,302
14057:17,302,616,654,58,76,8,29,84,564
14058:17,302,58,616,29,84,650,76,8,354
14065:17,76,616,81,564,302,654,58,70,650
14068:245,17,1827,2696,2714,2403,616,353,4268,3506
14069:654,616,84,8,76,650,518,1102,354,542
14084:17,302,654,58,616,84,899,3389,8,29
14087:3440,12495,106372,102397,52829,55235,8794,92462,65161,25649
14088:4671,14259,1077,7468,1468,17,3039,7622,302,5512
14095:
14112:17,302,58,29,84,8,76,650,542,1102
14120:17,302,654,58,616,29,84,8,76,650
14128:1175,43848,90233,26096,1357,5998,302,810,518,78786
14139:17,302,654,58,8,84,518,542,76,29
14142:1131,47385,2121,113605,113762,90841,53704,107942,108456,109590
14147:
14148:22155,47787,27473,81399,75946,67745,115887,117840,37941,29505
14151:6906,1176,17855,17,65,42870,11887,76,901,2265
14176:17,654,58,616,29,84,8,650,76,1102
14210:17,302,58,616,84,8,76,650,542,518
14211:17,616,302,654,58,76,650,542,8,518
14219:81,226,17,70,508,76,564,302,616,654
14247:302,654,616,8,1102,76,650,518,354,138
14293:654,616,84,29,8,650,518,1102,564,354
14299:17,84,302,654,8,616,58,518,29,354
14314:302,654,616,84,58,29,76,1102,650,354
14321:78283,63273,52177,49601,42527,81921,82614,107083,105633,22283
14330:17,616,654,302,58,15,542,8,518,32
14336:17,302,654,616,58,564,650,84,8,226
14347:
14371:17,302,654,616,58,84,8,76,29,650
14386:36187,94915,182,58717,52219
14397:17,302,654,58,616,84,8,289,518,542
14407:17,302,654,70,138,616,84,8,58,76
14422:11083,65532
14436:17,302,654,58,616,84,70,354,29,76
14445:17,654,616,84,302,650,8,58,787,508
14446:17,302,654,616,58,650,76,8,29,84
14455:17,76,302,698,616,8,654,58,361,564
14470:17,654,616,58,29,518,1102,76,650,354
14473:17,302,654,84,616,76,58,361,29,8
14508:
14509:302,654,616,58,84,8,29,650,1102,354
14517:302,1267,675,508,76,98723,43930,301,24224,15947
14522:17,302,616,76,654,58,650,564,8,81
14524:17,76,564,302,654,245,70,1410,616,508
14536:168,719,984,1326,8860,5480,76,5738,1400,661
14554:495,39,55403,42897,100030,90238,7009,302,4210,45
14568:17,2265,76,616,654,564,58,302,542,2139
14576:17,76,616,302,654,58,564,698,8,542
14582:302,84,29,8,76,650,518,1102,354,542
14590:302,17,654,58,616,483,29,861,542,84
14591:17,226,564,70,508,302,76,616,654,81
14601:110399,74319,37415
14613:17,654,58,29,84,8,650,564,518,1102
14615:
14619:1730,5097,3568,2139,890,17,4743,76,40,866
14629:16941,14170,15112,99121,115613,47399,118022,98289,81113,71220
14639:17,76,361,302,866,654,2139,58,616,6387
14640:
14652:302,654,616,58,84,8,29,650,1102,518
14676:654,58,616,84,29,8,76,650,1102,518
14681:1176,20836,7627,6906,16701,14966,24467,28227,29543,1546
14695:17,302,616,654,245,58,8,76,15,508
14697:17,76,616,654,302,564,58,8,70,542
14701:17,302,58,616,29,84,8,354,650,76
14712:8066,2548,245,131,61,226,17,7210,301,219
14717:17,780,76,302,262,58,226,616,654,70
14719:302,616,58,84,29,8,650,1102,354,518
14721:17,24933,9674,13077,76,30815,224,947,51232,301
14737:17,302,654,616,238,1196,564,4414,486,58
14752:
14755:17,302,58,616,29,84,8,76,650,542
14759:654,58,616,84,29,8,76,650,1102,354
14764:74558,43007,17231,47699,10054,24748,59439,21193,22444,10446
14767:9354,33562,105650,8454,105330,34145,12548,44738,47375,24348
14771:17,780,226,76,302,58,616,654,262,70
14776:17,616,654,302,58,8,564,542,518,76
14784:76,168,5480,8860,1326,358,17,2139,1682,719
14788:17,302,84,29,518,650,76,1102,542,101
14791:17,76,616,302,654,564,58,650,168,8
14793:3137,81,403,9790,13596,262,15535,780,17,3423
14794:302,654,58,616,84,8,29,76,518,1102
14822:70910,37132,70571,104364,7693,72234,109017,38465,72705,92656
14824:245,17,1410,1744,302,616,710,508,76,8
14862:17,302,616,8,84,518,654,58,873,70
14863:302,654,84,58,616,8,29,1102,354,76
14864:17,510,654,302,58,616,29,542,76,162
14865:302,654,616,58,84,8,29,76,650,518
14874:17,302,58,616,29,84,1102,354,8,76
14879:17,616,518,8,542,654,302,58,15,245
14881:17,76,302,616,654,58,8,226,84,736
14883:616,58,8,29,76,1102,650,518,354,542
14906:81,3423,3137,780,226,731,262,7211,17,70
14923:
14924:245,17,5117,1744,2715,76,61,564,302,2548
14933:840,17,245,61,654,616,542,564,15,302
14934:719,76,564,17,463,698,5480,1400,1326,8860
14960:1069,2139,1730,73733,564,317,542,3081,546,859
14964:616,58,84,8,650,76,1102,518,354,542
14967:17,302,654,616,564,58,650,8,84,736
14982:17,302,654,58,616,76,650,224,29,8
14992:81,140,780,226,3423,986,7211,70,2241,508
15002:52792,7148,31723,58754,27944,46072,77433,35378,68900,45225
15024:17,616,302,654,58,518,8,542,76,84
15025:1100,1057,1086,716,4299,1187,8058,79582,28922,29886
15027:17,500,616,76,6491,564,508,58,226,8
15043:
15044:17,616,302,654,58,8,76,29,84,542
15051:61495
15066:17,302,616,654,508,8,70,518,84,1023
15068:168,719,1400,463,76,8860,5480,135,5557,574
15073:17,654,302,616,58,29,542,650,15,6
15076:17,518,327,8,65,302,84,616,245,654
15079:654,302,17,58,616,15,542,518,61,101
15101:60771,25066,5693,45123,2406,6906,51244,83226
15104:17,302,654,58,616,29,76,650,542,8
15106:17,302,654,84,616,58,8,29,518,650
15113:861,58,302,17,616,30911,654,650,15,6
15130:
15131:39390,86295,72051,120407,37836,25237,111634,2351,51635,105138
15135:17,302,616,654,518,84,58,15,564,76
15166:17,76,564,616,302,58,1913,654,542,81
15176:
15177:302,654,616,58,84,8,29,650,518,1102
15178:302,654,616,58,84,8,29,76,650,354
15187:78298,1606,6105,7333,2140,25733,12776,46312,8587,64250
15189:105,6883,8028,91473,42450,67714,9265,41408,10832,43911
15201:1326,17,564,76,508,302,168,81,224,1023
15207:17,76,302,616,654,70,564,508,698,8
15211:17,840,245,61,616,654,564,508,302,542
15214:840,2548,8069,157,5111,197,27070,3196,1352,10541
15216:9101,4755,3913,1352,20997,605,9354,75657,46745,1382
15221:508,17,974,76,564,8,616,518,58,22
15224:17,616,302,654,542,15,58,70,518,650
15253:17,616,302,654,58,8,542,518,84,245
15278:17,302,616,654,8,518,58,15,32,542
15280:17,302,616,654,58,564,650,8,70,29
15288:302,654,84,616,58,8,29,518,354,76
15289:17,508,76,70,8,302,226,616,518,654
15297:10145,30434,33271,5624,36730,5145,10541,33783,92088,7831
15302:17,84,302,8,518,616,354,654,1405,1102
15303:69,3440,1917,93408,38690,12597,27678,105988,1410,3711
15306:
15308:17,2548,157,327,65,8,245,3196,508,70
15313:
15333:17,302,58,654,8,84,76,518,542,650
15340:17,58,616,84,8,650,1102,76,354,542
15352:17,654,616,58,29,84,76,8,650,1102
15357:75462,43403,61936,4603,67982,28968,29540,64473,4600,79923
15366:17,616,84,8,76,1102,518,542,354,138
15375:17,616,654,302,58,8,542,76,15,84
15378:17,302,361,654,70,76,616,58,84,354
15380:73907,24660,25365,59295,113906,66181,82590,117317,69899,27732
15385:654,616,58,84,8,76,650,1102,518,354
15388:17,302,654,616,58,76,138,84,8,29
15394:17,302,616,654,58,8,84,29,76,650
15404:76,17,302,564,616,650,226,654,364,32
15420:17,302,654,616,58,650,564,84,8,29
15421:23387,80767,50201,97813,194,17,239,8,726,45303
15433:17,76,245,1023,508,1405,58,518,1790,226
15434:17,302,616,654,564,58,650,8,84,70
15441:54635,75535,302,29,17739,29135,85795,81102,120308,46963
15442:17,780,226,302,76,58,616,654,70,262
15448:5355,4021,76017,5103,16763,226
15451:17,616,654,302,58,15,518,8,564,650
15466:
15469:3378,186,22713,36743,64973,7649,1342,45641,32261,46867
15470:6475,9761,13348,11539,14528,5512,42989,3039,14210,9594
15476:17,76,616,564,654,58,542,302,2139,81
15477:17,616,302,654,58,8,650,542,76,29
15490:
15495:17,302,616,654,58,8,650,542,76,518
15496:17,76,245,508,2548,226,535,1002,616,1023
15503:17,899,302,84,654,8,616,245,518,947
15524:17,361,302,654,29,354,84,58,76,616
15525:84,29,8,76,650,518,1102,354,542,564
15534:1002,441,710,508,1744,1065,245,3618,1205,3506
15541:
15551:302,654,616,58,76,518,29,1102,650,354
15567:17,302,58,616,29,84,1102,354,8,76
15587:226,81,17,70,76,508,564,302,616,654
15591:17,302,654,76,616,226,58,84,8,518
15599:17,81,302,616,654,58,76,650,542,70
15600:
15601:17,302,654,616,1102,58,29,354,650,76
15604:302,654,58,84,8,29,76,650,518,1102
15608:17,873,302,508,70,1382,8,245,947,1539
15609:17,58,302,654,8,861,29,650,84,542
15621:168,719,984,5480,463,574,13567,1400,8860,661
15625:17,616,302,8,654,518,76,58,84,508
15631:118705,34973
15640:17,302,654,616,58,84,8,564,76,518
15648:17,302,15,616,654,542,61,70,76,58
15654:81,17,70,226,508,302,564,840,76,542
15666:
15671:
15690:931,17,3704,873,710,947,245,70,899,1382
15715:13838,97097,165,1382,17150,3250,95360,62285,2801,65974
15724:17,616,654,302,58,542,8,6,15,518
15725:669,64076,1527,1352,78060,36432,46446,91084,87555,53563
15737:17,70,76,616,302,654,58,81,8,354
15752:302,654,616,58,8,1102,29,76,518,650
15760:17,616,302,654,58,518,8,542,650,84
15773:17,616,302,654,8,564,542,518,58,508
15774:17,70,76,616,654,302,8,58,84,564
15782:8,518,84,378,17,1102,1589,101,7006,902
15794:17,485,4032,616,238,23071,1196,15498,4210,449
15809:245,4798,1267,564,2548,94,17,774,2980,61
15835:17,518,616,1535,542,8,650,101,76,356
15857:17,302,8,616,654,58,84,101,542,76
15858:10039,2139,17,3568,5097,76,890,564,361,40
15860:719,984,5480,1326,463,76,2318,5738,661,8860
15866:17,616,302,654,58,650,8,76,542,564
15882:17,302,654,616,58,76,8,29,564,650
15889:840,157,2548,10541,5111,5627,14793,197,13049,8069
15890:302,17,654,58,616,84,650,354,1102,8
15908:9289,8321,15685,45956,38027,64958,61049,3471,247,7945
15914:17,302,654,616,58,8,542,518,650,15
15917:17,654,302,58,616,84,29,354,8,518
15918:17,616,654,302,58,518,542,15,364,61
15935:17,616,542,518,654,58,302,8,15,61
15940:17,616,302,58,654,650,285,76,224,564
15950:76,564,17,698,168,302,616,719,238,654
15963:17,302,654,616,58,564,650,8,84,29
15977:17,302,654,616,58,84,8,354,650,76
15988:669,48425,45623,39687,33068,28350,44043,5986,62747,61088
15999:17,302,654,616,58,8,84,518,76,29
16008:17,7560,654,302,245,616,58,8,94,518
16017:508,564,17,65260,76,358,542,81,2139,1382
16020:
16021:
16043:17,302,654,616,508,70,8,542,58,518
16062:
16065:654,616,58,84,29,8,76,650,1102,518
16074:11822,54763,74280,76183,61929,93336,32569,85935,76594,944
16088:17,616,302,654,58,8,542,29,84,650
16093:17,302,654,616,58,84,8,29,518,15
16097:76,4146,8783,2528,5357,684,4093,16658,2354,8129
16099:984,6097,297,463,226,5557,1400,5538,168,719
16112:17,654,58,29,84,8,650,76,542,1102
16113:17,654,302,616,29,650,8,84,76,289
16122:302,654,58,616,84,8,29,1102,76,354
16132:17,302,616,654,564,58,650,8,84,736
16137:21175,11333,69170,31925,48866,24264,16894,21725,38240,2294
16141:302,654,58,616,84,8,29,76,650,354
16151:17,302,58,84,29,518,76,650,1102,542
16167:17,302,76,616,654,70,58,8,564,650
16169:32,61,58,17,999,616,1196,1535,654,1511
16185:17,245,616,302,542,518,654,353,61,8
16186:
16187:17,81,226,616,76,542,8,564,58,245
16192:19244,23317,99734,85292,45791,36401,1989,9961
16217:719,984,1326,5480,76,463,2153,1400,8860,5738
16231:719,984,5480,1326,463,76,2318,5738,8860,1400
16233:17,302,654,616,58,8,29,542,84,518
16234:168,76,984,564,5480,1400,1326,8860,81,661
16235:
16238:
16256:64137,8988,66853,67895,115205,98747,47048,17990,15835,17236
16269:17,302,654,616,58,76,8,29,84,224
16277:17,654,616,302,76,29,8,650,84,542
16287:17,616,518,8,302,32,245,15,61,542
16292:81,226,17,70,76,302,508,564,616,138
16297:
16301:17,616,542,32,15,518,654,61,245,8
16302:17,302,8,518,84,70,654,616,76,65
16305:17,302,654,58,616,84,76,8,1102,354
16309:17,302,58,76,84,29,8,650,542,518
16329:17,8,84,616,302,654,58,1102,101,542
16330:17,302,654,8,29,76,84,542,518,564
16335:17,302,654,84,29,8,76,650,518,542
16337:28590,20730,500,34196,24225,24016,1616,81,6901,19474
16338:17,518,327,8,654,245,616,2140,58,65
16352:616,518,302,17,84,58,8,861,101,6
16380:
16388:17,542,518,616,8,654,302,289,76,61
16411:17,76,616,564,302,654,508,8,542,70
16422:17,245,3476,302,94,131,1405,3233,1403,402
16447:302,654,84,58,616,8,29,76,1102,650
16449:14884,92128,95752,3752,100592,77346,15956,45447,690,803
16465:37332,23161,67812,58227,76076,53668,17,1592,13411,26628
16467:17,654,302,616,76,58,650,542,394,564
16474:17,302,58,616,29,84,1102,354,8,76
16493:15510,245,1267,2955,6210,131,17,119,301,94
16495:17,947,84,8,654,508,931,302,245,518
16515:17,226,76,302,70,58,564,654,616,780
16522:17,302,654,616,58,76,84,8,29,564
16524:22105,3246,63595,52422,39528,91181,61822,34724,1002,21954
16525:17,76,564,616,302,654,58,698,8,650
16530:17,302,654,616,58,8,245,84,518,15
16531:
16532:11435,36268,42479,119,4292,508,17,30278,361,32295
16552:8,44634,616,58,17,62,45,84,1196,674
16553:17,302,654,84,616,58,29,8,70,354
16554:17,302,616,654,58,8,650,245,224,15
16558:
16568:1382,1023,508,1126,17,94,1451,616,70,32
16628:17,616,654,302,542,15,58,245,61,518
16639:719,5480,76,1326,8860,2318,5738,574,661,2153
16640:302,654,58,84,8,29,76,650,518,1102
16641:17,302,1102,8,654,616,518,58,354,29
16642:17,302,616,58,654,76,8,15,61,518
16643:17,245,616,542,654,103,15,61,8,518
16666:95078,15064,84927,118783,63242,65613,74385,43753,55209,36825
16667:2548,3307,17,245,353,1002,76,2200,840,81
16674:17,302,616,654,58,84,76,29,564,1102
16679:92717,79442,12905,94070,15298,7157,119108,112864,73470,83851
16710:17,616,654,302,58,542,518,8,61,29
16714:17,302,654,616,58,564,650,8,29,84
16775:9354,48208,67574,64,3041,1772,68717,45423,32648,140
16776:302,654,84,58,616,8,29,354,1102,76
16796:508,564,17,76,226,84,354,654,1405,616
16799:17,76,616,302,8,654,564,58,518,70
16812:17,168,76,564,81,616,226,302,508,719
16815:17,780,76,302,58,262,226,654,616,70
16833:337,77581,385,805,16881,11281,3250,92129,28511,62840
16838:32713,118827,24285,1256,20477,54234,30156,42968,5658,10526
16839:17,58,616,29,84,76,8,650,70,1102
16858:
16859:101934,114572,20266
16860:76,654,17,58,698,1970,190,2139,302,564
16878:302,654,58,84,8,29,76,650,518,1102
16887:302,654,616,58,84,8,29,76,650,518
16890:17,616,518,542,8,58,302,654,508,32
16891:
16896:17,76,58,616,780,654,226,302,70,564
16898:23768,96618,78387
16918:101968,5648,12396,99978,110448,90678,57509,377,68653,6983
16926:17,302,654,58,616,8,84,76,518,542
16929:245,564,542,76,2139,1382,17,508,518,1023
16945:650,568,17,302,1349,138,162,58,736,616
16954:302,654,84,29,76,650,542,354,564,138
16961:17,70,1023,302,1382,65,654,616,1405,508
16972:
16980:76,81,17,698,25481,327,508,4671,302,311
16983:17,302,654,76,8,84,29,650,518,542
16993:302,17,654,58,616,29,84,8,518,15
17006:17,654,302,616,76,29,650,8,84,542
17007:654,616,58,8,29,650,76,518,354,138
17008:17,8,302,616,15,518,654,65,245,327
17020:302,17,58,654,616,29,650,8,564,861
17034:17,866,302,654,76,354,58,29,616,84
17053:17,302,616,429,654,58,8,84,861,1684
17056:17,654,58,29,84,8,650,76,1102,542
17074:102939,4639,95682,37082,13696,20586,112782,1749,4021
17079:17,616,302,58,654,518,8,542,76,564
17097:17,302,84,654,8,58,616,76,518,508
17099:17,302,58,654,564,650,8,84,29,518
17115:3484,2194,40,4292,564,17,245,8008,262,542
17116:3282,3060,6320,20245,71248,16009,47278,54427,75100,42203
17117:931,17,947,873,710,8,245,1382,508,564
17118:17,616,302,58,654,8,518,84,542,76
17147:17,84,8,564,542,1986,76,508,361,866
17154:28590,24225,24016,1616,81,120731,347,10983,78108,10236
17158:14814,5975,4040,533,603,7622,1337,6311,10981,13341
17159:17,616,302,654,58,542,8,518,15,564
17164:17,226,302,654,616,138,76,84,58,354
17165:17,302,616,654,58,8,650,542,518,29
17178:111199,92781,20769
17191:17,226,654,564,70,302,616,508,542,1535
17193:17,302,8,84,654,616,70,518,245,873
17195:616,17,302,654,58,8,650,542,564,861
17208:385,805,22801,28166,18892,56217,15475,39619,500,802
17241:17,302,654,616,84,8,70,518,58,542
17243:17,302,226,654,138,616,84,76,354,29
17251:168,1326,719,8860,984,10267,661,76,7838,463
17254:105897,84943,30771,111262
17266:17,302,58,616,29,84,1102,354,8,76
17267:17,70,1535,654,302,787,76,542,564,1023
17272:302,654,616,84,8,29,650,518,1102,564
17278:17,654,616,542,302,76,58,840,564,61
17279:8772,533,4671,911,5975,17316,10981,10180,9462,2139
17285:1299,17,60324,8,70311,78240,1679,70344,76,39788
17297:17,302,654,616,58,518,84,29,542,564
17328:17,302,654,616,564,58,650,8,84,736
17358:302,654,58,84,616,8,29,1102,76,354
17363:17,302,654,616,58,8,84,518,542,76
17378:89419,15190,5292,14255,1419,43006
17412:1002,65056,2548,89220,11973,1382,891,1446,931,5784
17415:17,654,302,58,29,616,6,76,363,61
17418:40013,30941,1002,20642,7869,3694,4502,92546,30613,86
17426:
17440:17,616,302,654,58,564,76,8,15,518
17448:97351,69325,49343,815,96620,509,834,3373,1131,12190
17461:9435,17316,8772,4671,5975,30936,10981,11538,17486,203
17473:302,1410,654,508,65,361,1382,76,1023,17
17474:16995,31315,76,1546,17,866,33572,698,19829,2139
17475:302,616,84,29,8,76,650,1102,518,354
17477:17,302,654,616,58,564,650,8,84,29
17484:203,6210,3039,8,95159,4993,9731,62433,2739,353
17492:654,58,616,84,8,76,650,1102,518,354
17498:
17499:98858,3723,104100,12929,63712,21279,45611,50378,15284
17513:17,302,654,616,564,58,650,8,84,736
17522:508,17,1023,1382,8,302,1644,76,564,542
17528:17,616,302,654,58,8,518,29,84,564
17530:17,616,58,302,654,29,650,76,542,8
17547:17,654,302,58,650,861,554,542,616,289
17549:337,385,45975,805,3250,16881,92129,28511,117538,11281
17551:17,518,8,302,4364,84,327,58,616,119
17556:8453,827,4583,11428,1888,6097,26162,112948,109097,35088
17562:17,616,654,302,58,542,8,15,564,518
17576:5975,1397,2510,603,6311,13341,14268,8772,17316,7926
17579:
17591:61279,54606,89928,21439,17822,54442,4348,54989,5584
17592:17,508,76,302,8,564,616,654,542,168
17606:17,302,654,58,8,84,76,518,29,650
17620:
17624:302,654,84,616,58,518,29,650,76,354
17625:1352,76,17,10041,508,2880,1527,3107,4825,189
17626:17,138,70,1462,302,616,654,1023,226,1535
17642:
17653:1592,12508,669,17,26722,97798,8841,35946,66166,14754
17671:84,518,1102,1039,1009,736,14728,17,19666,12442
17688:302,654,84,616,58,518,29,76,1102,650
17689:302,654,616,58,29,518,650,76,301,138
17695:302,654,84,58,616,8,29,76,354,1102
17716:19908,18716,9554,6125,25956,6186,27339,34497,41451,14283
17731:83875,21666,48613
17749:302,654,616,58,84,8,76,29,518,650
17753:17,654,58,616,29,84,76,8,650,518
17779:302,654,84,58,616,8,29,1102,354,76
17792:21758
17798:262,28933,1913,55893,2479,2021,114065,11754,27166,3955
